x y class
0.2845557436876611 -0.8366367331473892 0.0
-0.3643401195261713 -0.2075828774270836 1.0
0.25863660404139854 -0.4360219376367034 1.0
-0.7176926441279534 0.9166755117686713 0.0
-0.7499969013762182 0.854722559013509 0.0
0.4050300964790967 -0.1328236218339578 0.0
-0.5237860166429398 0.3433097527380935 1.0
-0.43508457733997163 -0.47981212388593475 1.0
0.8564072775964571 0.019225703114920112 1.0
-0.9466546617039482 -0.7684697449262201 1.0
-0.04070962375009102 0.9327439888862568 0.0
0.10295443902824974 0.46768726474375044 0.0
0.4893550297415563 -0.6111418473581445 0.0
-0.9880853346403586 0.7899100145327058 1.0
-0.24591137863637846 0.6554660100412417 0.0
-0.3424450696140231 0.8245080591127578 1.0
-0.677710716154377 -0.5529197671416577 1.0
-0.43319160532729994 0.03842499769286811 1.0
0.9528610482688837 0.1144493788544736 0.0
-0.5826805638758135 -0.4620186015445631 1.0
-0.6270962400944642 0.39697311278944136 0.0
-0.3915852346730053 0.2897522827638621 1.0
-0.13166255094648593 -0.3438737790449069 0.0
-0.754091937614247 -0.9127364754455145 1.0
0.5993839265208281 -0.764545704663129 0.0
-0.7692486022045284 0.9936103545020407 0.0
-0.022166695984874085 -0.31411511624101696 1.0
0.31636765969561176 0.3021806225367172 0.0
-0.09186256986078889 0.3010879809114 0.0
0.16540337475477296 -0.8027737808403612 1.0
-0.2287774525211319 -0.2832529364312262 0.0
0.060335962207097804 0.8586984024799391 1.0
0.36516389425596385 -0.07952314173808728 0.0
-0.44338397774748906 -0.4402430403757098 1.0
0.5979275661987837 -0.3302237750940369 0.0
0.27785725201316236 0.8836745212545996 0.0
-0.33998349988437826 0.06155095809890776 1.0
0.6261755006538161 -0.6249175870407411 1.0
0.6268369447632458 -0.9417330702020228 1.0
0.5155668715404567 0.45287425805268056 0.0
0.2897744240817979 0.5022171860685489 0.0
0.8118299739479209 -0.8052474428544674 0.0
-0.4282766973693144 -0.48600955360027287 1.0
0.728235683449816 -0.6204114076729248 1.0
-0.6316115734499688 0.2085437534223522 1.0
-0.4465885775133318 0.6139346686490088 1.0
-0.044206179178963856 -0.2415038669615308 0.0
-0.37750228271794906 -0.40005643203611974 1.0
-0.2502488713455344 0.8638826713658179 0.0
-0.5195145581747549 0.0072629929323593245 1.0
0.8674528450501331 0.19107735823842376 1.0
-0.1845381123175669 0.050533648944592224 0.0
-0.9979625207266933 -0.40571059617108096 1.0
-0.011932435272562492 0.9955740903357317 0.0
-0.4274549949960229 -0.36597795007784595 1.0
0.0931001376651055 0.10239301384002508 1.0
-0.1273778496158835 -0.907477086523746 0.0
-0.4126599698839615 -0.6881464052525177 1.0
-0.9594595149976577 0.295470485269955 1.0
0.6763480846154166 -0.780827301102635 0.0
-0.07338807513361933 -0.6582497322365897 0.0
-0.302985091223553 -0.30783203780945856 1.0
-0.8953366500893196 -0.3051046740197334 1.0
0.63862713869468 0.2828020049361806 0.0
0.4337508158164953 0.2751872724481792 0.0
0.27387089383432484 -0.46057212066969644 1.0
0.6864185067184929 0.3020614494460232 0.0
-0.2054232692681337 0.05341684543709602 0.0
0.6539710283004254 -0.34468337300060026 1.0
0.8258354573340811 -0.3744971347969659 1.0
0.4568712152908121 0.7304984311452329 0.0
0.8484935752469831 0.615107629884571 0.0
-0.09863166291404779 0.6062634861387928 0.0
-0.8751340633067763 -0.0933217316496402 0.0
0.8982558746433891 0.3799159424956713 0.0
0.5446872324701726 -0.8313035559615569 0.0
0.543851585742481 -0.8951106778330873 0.0
-0.24662125160014692 -0.40108061443067133 1.0
-0.10339798492766517 0.2724025503904701 0.0
0.2515875114530659 -0.9977097223386437 1.0
0.9616096173735857 -0.9183569900896738 0.0
-0.7471304757195598 0.3325489496285343 0.0
0.5996949303876666 0.5927505543928397 0.0
-0.3134112681278518 -0.3421234807318514 1.0
0.40752381450040276 0.46597383919034696 0.0
-0.13297851753563172 0.3835572588953602 0.0
0.9873755005576468 0.9308824732973677 0.0
-0.1648865977079852 0.7401462939449381 0.0
0.7684404758526167 0.6036905936797583 0.0
0.8163533303414374 0.49816152851519946 0.0
0.5864364423151609 0.4120922017643438 0.0
0.9910452435875876 -0.7958107740553984 0.0
-0.24479633242492138 0.7957529624876893 0.0
-0.5246537599129533 -0.9798875327540868 1.0
-0.2680271800793319 0.274214488008508 0.0
-0.012658937914090673 0.9571504026025528 0.0
-0.9476212382155997 -0.4993574510406442 1.0
0.8857987887781325 -0.11271034798385937 0.0
0.0063230005450989335 -0.2585989776321824 0.0
-0.9868618954520558 0.5153303064984998 0.0
-0.13288914416663888 -0.4443687780718577 1.0
0.051548020722445465 -0.4570934132316504 1.0
-0.14757157478968264 -0.14917245364805654 0.0
0.5059679639495245 0.7202515242902561 0.0
-0.8636777783034191 0.3950831188341619 0.0
0.556621258192596 0.9888426628650424 0.0
0.1593959297725691 -0.36224992823811664 1.0
0.9873961065525674 0.3586692841283805 0.0
0.817138635756518 0.6550596738958654 0.0
0.08306710307759646 0.3401024673378621 1.0
-0.9869502205012992 -0.7633196994792701 1.0
0.842164516250443 -0.135516535248158 0.0
0.4350317569528188 0.04379613745151456 0.0
-0.6940067464437232 0.950338694278491 0.0
-0.23618316205289291 0.4327394537757909 0.0
0.9110024257300757 0.12190218728232516 1.0
0.031289632816597024 0.893574772208332 0.0
0.053927540567052956 0.3279650640829468 0.0
-0.7629970751738533 -0.7351089233951185 0.0
-0.4511273412798684 0.35052961886462275 1.0
-0.81138109084459 0.5761041737236905 0.0
0.5434581290247404 -0.34464517600957456 0.0
-0.6581555903832346 0.8512147615882919 1.0
0.36248830734705906 -0.6740666272621672 0.0
0.3542524428878271 0.5882235573766734 0.0
-0.408768809454398 -0.8804637093533103 1.0
0.9602725384279884 0.3311418557733439 0.0
0.5279236884532361 0.4699174439499183 0.0
-0.567191104225782 0.12685714541337156 1.0
-0.1803015663305132 0.7309827003342382 0.0
0.6544582199054325 -0.0627539714487435 0.0
-0.26792164686712483 -0.06338216093579074 0.0
0.10759889706259007 -0.47054224852433824 1.0
0.8435781662842292 -0.8896589991377206 1.0
0.2058806543258358 -0.48109930876645235 1.0
-0.3170486955185732 0.4384520177501392 0.0
-0.5185816816768183 -0.03279534139413154 1.0
-0.3020096123196585 -0.08776704299862614 0.0
0.8348449079666764 -0.8906089878036592 1.0
0.24684241701142096 0.602732774492585 0.0
0.9614204415478469 -0.5009226269007558 1.0
0.5738921184398322 0.5460815275883251 0.0
-0.4325600691348197 -0.621429474004785 1.0
0.3559812213996618 0.6516767916273711 0.0
0.6433675795223108 0.18963881865814725 1.0
0.8546988043187267 0.7688029310499374 1.0
0.31848757192214583 0.6875210487909238 0.0
0.5497118148402809 0.6665945461276381 0.0
-0.36232955072418926 0.7782495672488208 1.0
0.39640186104288344 0.4819176143708268 0.0
0.666680091739827 0.5252098887872692 0.0
-0.1512862310803118 0.9525645653467061 0.0
0.9477956926978628 0.8629566654074012 0.0
-0.05912090658469071 -0.15634421240526697 0.0
0.02076793452110448 -0.1107863149700774 0.0
-0.7592476883718193 -0.326853568540149 1.0
-0.8007963643997955 -0.6314581631078422 1.0
0.27964151622463995 0.5949169576494855 0.0
0.17399915829017876 0.7668204397398115 1.0
0.40705066801975964 0.7700981078612306 0.0
0.4483271066852754 0.803041999961368 0.0
-0.005594149071767918 0.9804275319436973 0.0
0.7915603077004683 0.5690077181839921 0.0
0.5417411753080212 0.032771663313989396 0.0
-0.5939636361345473 -0.5234986854016224 1.0
0.7522175991346156 -0.35155116635448747 1.0
-0.6807429238689082 0.24949860440553095 1.0
0.8698715740803131 -0.7113377779106724 0.0
-0.29710099057621364 0.7778526240385149 1.0
-0.36414414004185747 0.09538778749779864 1.0
-0.7098097342436618 0.2987355837260246 0.0
-0.774091161579086 -0.7611999347111302 0.0
-0.7085887027588655 0.38360929518728715 0.0
-0.22258376048794415 -0.8259660113285547 0.0
-0.1837997375997953 -0.2733803997487707 0.0
-0.02658748740433059 -0.8549170282842224 0.0
0.35600684201895305 0.8924277632677973 0.0
0.2532953923264514 -0.7776732937462731 1.0
-0.6912598220517099 -0.25965857351929933 0.0
0.2218517042332444 0.6442518872170002 1.0
0.1640039461563918 -0.9151433822260637 1.0
0.29256521139125335 -0.7369608269046073 0.0
0.18027839226729792 0.07092192850053025 1.0
0.3113576033675429 0.7510563853904233 0.0
0.1645483034522719 0.30321117513878426 1.0
0.10581977733843662 -0.10202417716689216 1.0
-0.8040780498915576 -0.8089375093646549 0.0
0.9794840054349172 -0.40867358588090363 0.0
0.3392032342646747 -0.9257713531925689 1.0
0.9855998355222959 -0.5486205554975243 0.0
-0.4676132612033286 0.6598603203293438 1.0
-0.0608114961259556 -0.6773989483391123 0.0
0.7986299713540836 0.6729858327167906 0.0
0.49056435023941813 0.7261964323137888 0.0
-0.3095776217662449 0.42797361204676165 0.0
0.6413638069638283 -0.2255564629234459 0.0
0.4723195341468127 -0.39248804034713247 0.0
0.6413270836514657 -0.9068483709227999 1.0
0.3135339310260652 -0.3541958242909826 1.0
-0.047281589457846884 -0.9408826654405629 1.0
0.6153729668007089 -0.6957811893473373 0.0
-0.15876497046458993 -0.9082057366690188 0.0
0.20784987781437447 0.8701889868239141 1.0
0.29368241495326486 -0.7283743900212747 0.0
0.7485867358494096 0.2207230125918751 1.0
0.8457459447878912 -0.691569108703145 1.0
-0.033636614456645786 0.8314039363877936 0.0
-0.7767715949072262 0.9476433745755151 0.0
-0.10108071836362753 -0.10137332852692427 0.0
-0.8452303960428913 -0.41105928273660974 1.0
-0.3962471178512852 -0.20726271911512995 1.0
-0.523386598027205 0.8028745608589545 1.0
0.9201898243248725 0.6673894649538858 0.0
-0.7161627219816249 0.2878363775137669 0.0
0.4186855373628413 0.5773578158801393 0.0
-0.33338987248502194 0.4536001653432369 0.0
-0.14198033756156359 0.3835497212271919 0.0
-0.8810780033623089 0.44489804641954644 0.0
-0.5754679201921429 -0.36524546727999674 1.0
0.22963234396494348 -0.7280975367026163 1.0
-0.718376574207354 -0.4974075323760474 1.0
0.41645529562765926 0.8962133365155371 0.0
0.19801943755616436 0.6328808876636158 1.0
-0.28128612441106093 -0.2670626591533516 0.0
-0.2595173667540882 -0.6403984321674552 1.0
0.22080276348363093 -0.47728861276811463 1.0
0.4351337029632716 -0.40059002284701406 0.0
0.8732969992128123 -0.9287012648840378 1.0
-0.9141821271394637 0.36795546703778736 0.0
0.37894738484275514 -0.6691612022376376 0.0
0.907455370159062 -0.21929500555818926 0.0
0.4644668714396909 -0.6518718953815839 0.0
0.8369424828098677 0.915115290811829 0.0
0.6186362849763496 0.7700825583537692 0.0
0.05898586682361828 -0.9250226228294687 1.0
0.2633925890938711 -0.1494313659735811 0.0
-0.43432254501948386 -0.28162120236979993 1.0
-0.09064491468845559 -0.003216219655218344 0.0
-0.7062492641166014 -0.15703209598761925 0.0
-0.3585029122179628 -0.36173329036393875 1.0
-0.356616026259998 0.765006723576948 1.0
0.5527388817604493 0.15198021309566334 0.0
-0.1987475225901647 0.7885578186837052 0.0
0.6154172692246815 -0.8433988069637248 0.0
-0.9143889602956841 0.5273690121691796 0.0
-0.8471827191045407 -0.436531803613073 1.0
-0.2107511227578358 -0.4856029576026659 1.0
0.989626336314452 -0.21601975671484452 0.0
-0.313984100775633 0.837627774925447 1.0
0.9364772804962365 -0.88574789170012 0.0
0.30160317237939815 -0.7982993339795446 0.0
-0.2755398008638954 -0.07863621678288912 0.0
0.4167327805034078 -0.043943708758928945 0.0
-0.9074562948392182 0.3866591510533808 0.0
0.5724696241429117 -0.5691395600389046 1.0
0.8193297861407782 -0.2913366694328545 1.0
0.03504501013869121 -0.8974004833629499 1.0
-0.9695064170359697 -0.45105877317192666 1.0
-0.17920271598052473 -0.4940395245518894 1.0
0.1938647206316244 -0.18216123833069386 0.0
-0.11905528143783495 0.5371372016107043 0.0
-0.7387749837115678 -0.291991209768371 0.0
0.011520355795280768 -0.3761675418565804 1.0
0.5860928917042096 -0.6712157829158392 0.0
-0.48755470171021686 0.40290047801785267 1.0
0.6720074096921935 -0.25017647534379384 0.0
-0.13773308558709352 -0.21663317794774528 0.0
0.29850435065770764 0.9880266418966519 0.0
-0.21735717098801421 -0.08827749419975861 0.0
-0.23591988935974806 -0.5089799068365661 1.0
0.992861499423286 -0.22411807492880742 0.0
0.4899983791931011 -0.9874403604588546 0.0
0.02761748733887326 0.6341476945482731 0.0
-0.7777996299493228 -0.6281564229667767 1.0
-0.5308174268300052 -0.20151917466147662 1.0
-0.9377699384810096 0.7724116428614831 1.0
0.5033101464922538 0.2645851079492132 0.0
-0.4910200573064212 -0.2810531591320653 1.0
0.5081111060787757 -0.22427448507752668 0.0
0.0021603938133711864 -0.5629434970056566 1.0
-0.583571351772592 0.12254407372012666 1.0
0.2549740147617776 0.39174562848102457 0.0
-0.9123199978740062 -0.5215479563084435 1.0
-0.5445341438229407 -0.1784311751474763 1.0
0.69535919281503 0.9686657884348844 0.0
-0.625641522513773 -0.3718461042230019 1.0
0.8894345615478902 0.22903259170119528 1.0
0.958481307204782 -0.38964064403097987 0.0
0.7934280649431835 -0.6489100958801799 1.0
0.1189423891588306 -0.8078970293746519 1.0
-0.216117555056063 0.5722775013195891 0.0
0.6687935167882535 0.9766644075762911 0.0
-0.7116411940225675 0.3988276203166896 0.0
-0.2915441470451552 -0.5175028341592476 1.0
-0.6670190765381243 0.43911677491278267 0.0
0.08592793514820096 -0.2665884264822198 1.0
-0.7305074037248647 0.5099524637025878 0.0
-0.11590458334571063 -0.22670301661251147 0.0
0.35303703768498873 -0.06700455251155013 0.0
-0.1438321080984437 -0.9386808244746219 1.0
-0.6853481414540956 -0.6365712992722405 1.0
0.991631523028452 0.8397152312784868 0.0
-0.16465776711537727 -0.03313290071555142 0.0
0.5965005462369277 -0.5939024726574205 1.0
0.8293605171032301 0.027715455930406252 1.0
0.017097023058842087 -0.4432983469913121 1.0
-0.8457174936626504 0.7848310303496584 1.0
-0.5456058467169476 -0.42418578570043364 1.0
0.5624551719070936 0.7554442572846436 0.0
-0.30192185315558984 0.6714441154911279 0.0
0.47995922939338187 -0.4558061079532014 0.0
-0.5890158540109043 -0.40826277621897744 1.0
0.25406935118492346 -0.25709027990744415 1.0
0.04032081231205753 -0.329791527900017 1.0
-0.5405915176680114 -0.4565894771643326 1.0
-0.510482493303863 0.8902239716876637 1.0
-0.26608751930974717 -0.15441750442234992 0.0
-0.9502300765103004 -0.16564999268077285 1.0
-0.025645110834212392 -0.9293178588884021 1.0
-0.190687006249604 0.48450815324644947 0.0
-0.861766385998129 0.8877049283558593 0.0
0.769402996518395 0.8853520382069233 0.0
-0.6896673970918041 0.6293147439887485 0.0
0.05678107038000868 -0.3153272621491705 1.0
-0.5469703529895438 0.800446660584563 1.0
0.6540968203305166 -0.12229105775067839 0.0
0.7392453178722249 -0.7270159061622716 1.0
0.2273058460688775 0.9489689368453826 0.0
0.8071282036759613 -0.6876705579679385 1.0
0.8577203515405738 0.12670744088876118 1.0
-0.855689877331762 -0.7159351789417565 1.0
-0.4832554388227477 0.9471053444506181 1.0
0.5748980765985876 0.28190453474852983 0.0
-0.31769394300786513 0.6757268413196784 1.0
-0.8714052427097245 0.5827589946961085 0.0
-0.24454026709907217 -0.6289831985915284 1.0
0.14468791099668388 0.403638558311898 0.0
0.17466723449499022 0.012000520999234654 1.0
0.6675605086064185 0.8276712612680419 0.0
0.5419308686336524 -0.035579307838914165 0.0
0.9457115107215399 -0.5891449537566198 0.0
-0.34994042972905937 0.38082872360424225 0.0
-0.5305764297240447 -0.902658736331891 1.0
0.9000002400748721 -0.07367903661566677 0.0
0.6874477895144502 -0.9014735962831197 1.0
0.5686138661685038 -0.4215652449884164 1.0
0.9393151114263913 -0.6289697990562737 0.0
0.8916093201068165 -0.34160864902129373 1.0
-0.834588195915795 0.6471527142485065 0.0
-0.4906147347864578 0.6591773540306816 1.0
0.4004422834614223 -0.2949324828758446 0.0
0.5637367570409757 -0.7853749080125048 0.0
-0.6415816944056905 -0.2629462574708339 1.0
0.6453144658860295 -0.6491800928719269 0.0
-0.6090691001937774 0.618958284305261 1.0
-0.3780374485878535 -0.664856769675684 1.0
0.5826114147592538 -0.4276264214927976 1.0
0.46950504089549283 0.08515824554724283 0.0
-0.9070296525370063 0.4489336521979461 0.0
-0.5748562218045379 -0.2176005929210787 1.0
-0.9131884077916852 -0.4677240826067386 1.0
-0.10381981053465417 0.7694201728633001 0.0
-0.14286611327113197 0.7592159921279662 0.0
0.5333958235934111 0.30269982827142217 0.0
0.45474532633273723 -0.619377524969557 0.0
-0.016563062433366582 0.8149170294239001 0.0
0.9863741388842915 0.4879882726752054 0.0
0.0745045750455644 0.6829447918389007 1.0
0.8276594502936216 -0.3532378471436479 1.0
0.9894331848004148 -0.6832583736923385 0.0
0.49584109714755353 0.7040219951291786 0.0
0.9449672403707681 0.039439963498607344 0.0
0.7563979415420348 -0.834538341472171 1.0
0.537604672531524 0.770951682505139 0.0
-0.3486009335865383 -0.28251996555920167 1.0
0.253977057400846 0.6959363625617379 1.0
-0.392113439241093 0.8241821101180358 1.0
-0.9200313297288265 -0.737397348078948 1.0
0.9297823585747451 -0.5794290123521288 1.0
-0.5867477521652287 0.18203588831103734 1.0
0.7350990061672094 0.9732447918503444 0.0
0.4301355230454711 0.7936013176663805 0.0
-0.9583223241153029 -0.4962113801834116 1.0
0.24293379253968617 0.0389051709249697 1.0
-0.28977184231507436 -0.2640504277028406 0.0
0.45586142227378734 -0.6756050407109981 0.0
0.16973208097234305 -0.6416233452232707 1.0
0.21939293243190705 0.47872046299034365 0.0
0.4052198816026209 -0.16214487063466376 0.0
-0.8943245836822842 0.13541515383222968 1.0
-0.26382080002832575 -0.20637247258488833 0.0
0.841860212870428 -0.08040784078113727 0.0
-0.06991050600283932 0.14320614168695456 1.0
0.7944098263191071 0.2018759908454395 1.0
0.16499539076827774 0.640654837879822 1.0
0.36884283827862285 -0.49441870210633154 1.0
0.3953629938841059 -0.7756712030978248 0.0
0.1772419319088283 0.3928641069358536 0.0
0.7053424668899968 0.19787383338068731 1.0
-0.7668732609106392 -0.14108062825222922 0.0
0.25591483849767993 -0.6120766518737824 1.0
0.5972930698660059 -0.40555115760054417 1.0
-0.7577429787037819 0.47660545513320707 0.0
0.641649284451399 -0.29119404279042826 0.0
-0.797016893473431 -0.03141951987330338 0.0
-0.0028013504041439763 0.004015632906986255 1.0
0.4275456715909045 -0.2541531222006217 0.0
-0.3504759838845366 -0.5634074432223157 1.0
-0.16444948627200495 -0.9493964256208713 1.0
0.818951434148202 -0.831218070941601 1.0
0.4879478327088109 -0.11519891387412073 0.0
-0.8805187502624572 -0.21714833422055935 0.0
0.0022552865625800056 0.9736023268474998 0.0
0.08241277025759564 0.9448314836100602 0.0
0.7362065302611167 0.07957405967438125 1.0
-0.3212586312926733 0.8016607132908091 1.0
0.7969115184378244 -0.7429171778715686 1.0
-0.09843853844894412 0.15789419364367996 1.0
-0.48101299833804356 -0.16229312625423908 1.0
-0.5861500367462682 0.4278675828269629 0.0
-0.013251928518251743 0.28491567191252454 0.0
-0.7034372991704885 -0.1559337138857919 0.0
-0.19078828175236673 0.8714521147397247 0.0
-0.6621977222914401 -0.5935322817378268 1.0
0.11685959564774562 0.9853348798751089 0.0
-0.9701253246926496 0.836309715317485 1.0
-0.7642772269982141 -0.35967624150956157 1.0
0.7359167534625801 -0.6600806112564575 1.0
-0.3167698561502921 0.8941694327681509 0.0
-0.1691112180433183 -0.7872160803409838 0.0
-0.45153167146289874 -0.7386062371803386 1.0
-0.5722059041407741 0.8345716340915814 1.0
-0.528184308032323 -0.281974071096625 1.0
0.02407538306623147 -0.9267796262746963 1.0
0.5223152106468569 -0.2331951308325544 0.0
0.05003120864812649 -0.5384982375938374 1.0
0.034509254974733006 -0.5118823127859937 1.0
-0.7076272128970424 0.8393505187644337 1.0
-0.32684067067250644 0.09219065673052973 1.0
0.0014243694030047216 -0.059197220857435395 0.0
-0.809316090813549 0.7798761847802942 1.0
-0.39854838047471874 0.42807518985902604 0.0
-0.9105424827355812 0.81574870339352 1.0
0.41637802518161693 -0.29650132827587017 0.0
-0.05450003101076106 0.027087716356864355 0.0
0.25500033604644523 -0.8190953438421764 1.0
0.3344551592956715 -0.3595008776853359 1.0
0.20885411572800727 -0.7597852467333783 1.0
-0.14136559098538992 0.13056014168283347 0.0
0.6038448675716541 -0.4022031849006942 1.0
0.4752061534799721 -0.3362300220316845 0.0
0.36964228198769256 -0.21941260616945013 0.0
-0.6870432925735175 -0.7690872030400007 0.0
0.15756216108183407 0.759725810639085 1.0
0.762058711102259 0.9390602372647259 0.0
-0.8732896475612613 -0.9556902680303963 1.0
-0.21350193734719847 -0.12088935679783219 0.0
0.861162914586173 0.6236200176667923 0.0
0.04984576697974852 -0.8535592275440524 1.0
0.8766395742713919 0.5849067059787694 0.0
0.8835334961652139 -0.9768322193368515 1.0
-0.19952675971270994 -0.9036988136228208 0.0
0.33241227078561475 0.9566137089982296 0.0
0.9200005966166125 0.11180090429317091 1.0
0.6944829914755617 0.6859869642568122 0.0
0.21817888075932834 -0.9681998057190042 1.0
-0.02012687978126637 0.8323927956662516 0.0
-0.8128271359713317 0.21183963901892477 1.0
-0.42277533474065687 -0.23149295491400146 1.0
-0.2702972433198694 0.30502967883424237 0.0
0.9481802346490333 -0.7739326281041892 0.0
-0.571024943616842 0.9692742015119982 0.0
0.31294246106797985 0.5457319340336542 0.0
-0.13638755427074978 0.10771646678455382 0.0
0.2514004815634947 -0.848911123643094 1.0
0.07739933249435627 -0.03898803079717328 1.0
-0.9776710725860236 -0.6724446553860033 1.0
0.9178189802226189 -0.40888988592974096 1.0
0.9982979332551369 -0.9725732543167918 0.0
0.21085539167532397 0.26844557812449676 1.0
0.23583314981117343 -0.5221630210604133 1.0
0.23590231225689529 -0.28681252065168295 1.0
0.10398417556977768 0.07263553039249171 1.0
0.29098128332161166 -0.34303471192314516 1.0
0.9069179353317487 0.7276500801829282 0.0
-0.9045004950106337 0.4211010979576284 0.0
-0.33256759491355514 0.8770250089064793 1.0
-0.9433326313009134 0.93743180599881 1.0
-0.4884281359142937 -0.8243021731545759 1.0
-0.052945328802822766 -0.22817733781572103 0.0
-0.13382622969555458 0.6408597439594728 0.0
0.6106850603288507 0.41350936314891595 0.0
-0.0485406796437966 0.7563604732176981 0.0
-0.01615634928716858 -0.06789111079752619 0.0
0.8221428204972265 0.759530940448744 1.0
0.8879649701606043 0.1154380384963889 1.0
-0.7351893201772857 0.7045928870047153 0.0
-0.8687437407021117 -0.6568839963217155 1.0
0.3119520578020054 0.7485058612266193 0.0
-0.5437874088735584 -0.9007066204177205 1.0
0.883201536848742 -0.35651404362350325 1.0
-0.11481834113569533 -0.6346345473626436 0.0
0.2970646609731493 0.134084850139778 1.0
0.7369381620513871 -0.13856746372448536 0.0
0.8989993048086131 -0.8365388425875464 0.0
-0.5536739365525989 0.07004376068232143 1.0
-0.028766634331497398 -0.45008707397056225 1.0
-0.6737101485547159 -0.7046727409098326 1.0
-0.7864306288308889 -0.6555697071244706 1.0
0.7454155481048221 0.26696722364180725 1.0
0.5051213242989481 0.6841271392266566 0.0
0.7225279873099275 0.8872163065647267 0.0
0.9436656802300531 0.8124043618691799 0.0
0.29019473885204183 -0.7764813867092866 0.0
0.7607349047222083 -0.08020288036498391 0.0
-0.10369590747534296 -0.3586448068975263 1.0
0.255816712305972 0.23929917560183855 1.0
0.5997066658564467 -0.8305522013190225 0.0
0.19929545292480477 -0.8177943738017366 1.0
-0.7926286983720858 0.3048243448281398 0.0
-0.01918321541126189 0.7429320825690489 0.0
-0.17294858422148573 -0.3325907892468456 0.0
0.2509769410142828 0.615593464916782 0.0
0.7478994305097204 0.5292103560977781 0.0
0.8802830806130224 0.16733260244619252 1.0
0.7164748017492699 0.6888488122437297 0.0
0.7677732351068158 0.15790168069063637 1.0
-0.8135621450820205 0.6412927682111365 0.0
-0.46845044293096305 0.9557537009261567 1.0
0.9383948933829414 0.6871086900994636 0.0
0.8852035580163371 0.04297148308533383 1.0
-0.9320773750479285 0.6084147371886688 1.0
0.3417128156561653 0.760060793880925 0.0
0.0785234610618637 0.4012850778939252 0.0
0.4038950078445718 -0.5612591231976096 0.0
-0.00867702047687069 -0.5610813298466266 1.0
-0.6280821930982168 0.4251529020800773 0.0
0.6952457751930992 -0.6453629300071893 1.0
0.26490669696800206 -0.9423329807043272 1.0
0.18855957087471897 -0.11655797677664714 0.0
-0.7430500979621979 -0.10268564573173844 0.0
-0.2961390825925265 0.37613499468519884 0.0
-0.5011412300482598 -0.04067424158512267 1.0
-0.09008436431561218 0.4647799547817406 0.0
-0.06179728644913163 -0.39079362083150615 1.0
-0.46218786338117734 0.585272894194552 1.0
-0.4835151694295843 0.5479665254878203 1.0
-0.6117065779386481 0.7318313825116478 1.0
-0.3465472305930599 -0.7219337293362291 1.0
-0.9876931556927802 -0.4720000939021336 1.0
0.7916982868216116 -0.5653223844606194 1.0
-0.8526670974755477 -0.7785078512656947 0.0
-0.5198976095586239 0.31426925814541606 1.0
0.7081715721650292 -0.715420347846264 0.0
-0.6742996473347085 0.08456756099648732 1.0
-0.3956717748593346 -0.5856837003408382 1.0
-0.9039405567104668 0.555948268694179 0.0
-0.8033815358840661 0.9568950378138026 0.0
0.06355879792647356 -0.029986108051209603 1.0
0.016367102977267622 0.45918670038166587 0.0
-0.3748877310761065 0.8223474125759527 1.0
0.02263098817750331 0.10241664469930378 1.0
0.8351125410917477 0.17177178679169147 1.0
-0.23726640839401836 -0.8578507750110567 0.0
0.756037544019472 -0.6488313602454754 1.0
-0.49550407121131945 -0.6549523891465951 1.0
0.30311392411336335 0.21589161759119135 1.0
0.7044430586216608 -0.10599983424752035 0.0
-0.11680888518354715 -0.07345355923222785 0.0
0.02354331927090869 -0.048794650183284105 0.0
-0.4762734072854409 -0.8209758529730111 1.0
0.5555939489830777 -0.34113068506050603 0.0
-0.10962087716947022 0.7650930328704904 0.0
-0.29617034172314893 0.5233118280716522 0.0
0.5388531902639346 0.25733385120858565 0.0
0.013428279683620037 -0.6144658966758805 1.0
0.14134534148765643 -0.8727516938227227 1.0
0.04737628630021584 0.8359218065788623 1.0
-0.27528121181784493 0.6157412198630081 0.0
0.5263709938215135 -0.04720900902485159 0.0
-0.4783040606350992 -0.03248274300207088 1.0
-0.3981321672724918 -0.3841790509776517 1.0
-0.3475661573287654 -0.5512496764966075 1.0
0.7718976614198463 -0.3628314048997312 1.0
-0.020310261030811017 0.608988620756751 0.0
-0.3500542165317322 0.5031580015660522 0.0
-0.7172919838396654 0.4179073392947388 0.0
-0.059783536890271494 -0.7911043409560103 0.0
0.9695331710521491 -0.6747706977474668 0.0
-0.39224540116271367 -0.5852868762079242 1.0
0.8696604862947246 0.5116310415143854 0.0
-0.9431460939045262 -0.3260288197605916 1.0
-0.7736635646299861 -0.2704814928435182 0.0
-0.24704102604293054 -0.7207588711669726 0.0
-0.8037671316411734 -0.06365687912235196 0.0
-0.3494956891866414 -0.4331416968228421 1.0
0.7223749595188156 -0.1535914784393304 0.0
0.23564213633013997 -0.03656164538584239 1.0
-0.9757090243651774 0.4807594650064906 0.0
-0.6237557364024697 -0.18760750583833907 0.0
0.7759991134665212 -0.04009074781303523 0.0
0.2593896702306202 0.38395054427975905 0.0
0.4110252843083708 0.7689559119097877 0.0
-0.03900568598562448 0.4039107426482136 0.0
-0.6707402514666856 -0.6201558100236164 1.0
0.33805167720942597 0.3906339386476734 0.0
0.972534358092876 0.7109537231171554 0.0
0.07602348822363592 0.9187629599875995 0.0
0.3557613730959397 0.08793170950996809 0.0
-0.8435959468277554 0.8471675160453003 0.0
-0.7004582562703268 0.164829003812202 1.0
-0.744157741191795 -0.9944806282840761 1.0
0.7539276429667972 -0.13291790353481225 0.0
-0.9769269128216569 -0.06477261402843015 1.0
-0.07399094262433414 0.8442766736695717 0.0
-0.9803286975284231 -0.8855361039371836 1.0
-0.5946245549067937 -0.0904683786375482 1.0
0.19071896334362215 0.3558815034376599 0.0
-0.15903209501595938 0.41909778024612954 0.0
0.13716047459793557 0.26902852880345907 1.0
-0.9145780945220332 -0.01652777782575421 1.0
-0.21381754949242415 0.12687013005296288 1.0
-0.39101043027184934 -0.525530146917607 1.0
-0.5778807618414563 -0.4729695940476928 1.0
-0.3694390890038206 -0.7225608744852905 1.0
0.3125494806387912 -0.11017529330147124 0.0
0.13241098436636412 -0.6873296160869944 1.0
0.5950626529911387 0.8516445391069742 0.0
0.4471975927225549 0.6597540987213832 0.0
-0.2313599024233539 0.7196867932598807 0.0
0.1337438180839694 -0.9949131600937928 1.0
0.3886744634066157 -0.2662868554625364 0.0
-0.6769453626913955 -0.8308685449437774 1.0
0.9660761966214073 0.5511766198205823 0.0
-0.9339282734920307 -0.3203052309523371 1.0
0.22451161035527867 0.25760272350731017 1.0
-0.8870718444780319 0.3466001255539253 0.0
-0.513017917608211 0.43401061593317003 1.0
-0.9691074899551102 0.42816734261904155 0.0
0.970545998011249 -0.7525192578669782 0.0
-0.36326953413676555 0.6515868535818765 1.0
-0.8627424711508582 -0.9516925554083016 1.0
0.8496838982104928 -0.15472112802583005 0.0
0.6237653719110896 -0.051028284445010064 0.0
-0.6471666454951803 -0.5012565214087361 1.0
-0.8496859464612918 0.031444090647484435 1.0
-0.34055695434858846 -0.10438491620077195 0.0
-0.060922972141271625 0.1142837093304685 1.0
0.37934143592470493 -0.28570174364503265 0.0
0.16847446029299884 0.9861854134313808 0.0
0.8284445787986809 -0.9557769866277264 1.0
0.010872336058610932 -0.5792744746133802 1.0
0.012641261335240683 0.8835060359706681 0.0
-0.6489080890189669 -0.20236234964825695 0.0
0.5542972982411378 0.23064956832818062 0.0
0.9438247895448935 0.5633764874665319 0.0
-0.25678159905641396 0.647252568011148 0.0
0.9558786237727266 0.74236124915 0.0
0.8253226178271447 0.2529336808150713 1.0
-0.5899803577768858 0.7179040176019775 1.0
0.6623665851943044 0.051331657793436625 1.0
0.5582682442390077 -0.7130666999715285 0.0
0.258314651124129 -0.38047088049045374 1.0
-0.5932113239217975 0.4599193624813973 0.0
-0.08476369119975691 0.39241217719182764 0.0
0.4738099343262179 0.9837890052031517 0.0
0.26303665514909924 -0.44561346462478113 1.0
-0.25835029752482086 0.6089316075099418 0.0
-0.6970742301244863 -0.2801406929097541 1.0
-0.17523871838508387 -0.44355089707529305 1.0
-0.18031154688749984 -0.2589546157248128 0.0
-0.7905923782922999 0.6577775828470322 0.0
0.8225389935532956 0.28222997648601633 1.0
-0.754299293145468 0.22573552320286705 1.0
-0.37503881409865847 0.167396961602307 1.0
0.5154605442487823 -0.36015767342702243 0.0
0.19301973858814336 0.26074042594624136 1.0
-0.44520822761384315 0.7808219026126033 1.0
0.16853774751458106 0.36046502774800815 1.0
-0.9814992324908891 0.715272232161599 1.0
0.9652125238614724 0.598268374761965 0.0
-0.1747015955482325 0.6165065229575915 0.0
0.1906177441649315 -0.13840740164442855 0.0
-0.06852486293204074 0.8584581468300072 0.0
-0.49775896666511255 -0.8293143954903393 1.0
0.6390032473069835 -0.16073938325864878 0.0
-0.1537726129317969 -0.961087903639448 1.0
-0.4768665132977159 0.2939417867091003 1.0
0.1848057441940094 0.0801480770618348 1.0
0.6819440837066575 -0.34178398549171485 1.0
-0.7011823174723701 -0.3131754155063422 1.0
0.3260436509686111 0.3364112436488551 0.0
0.7742019121468062 -0.7995750813351061 1.0
0.6460652592979623 -0.08978786962945007 0.0
-0.8394138353675928 0.11659826698400777 1.0
0.882208169616771 -0.017766303604326517 0.0
-0.5002724393628422 0.6005922665055698 1.0
0.7938527959588668 -0.6870468287365037 1.0
-0.2238956353059851 -0.8942984207359073 0.0
-0.9748091131088974 0.31848780942731514 1.0
0.08943429158308636 0.6014719806176054 0.0
-0.27479966026066305 -0.18827049147935848 0.0
-0.7756502516251849 0.4016431770196147 0.0
0.5846019999588572 -0.8283017163587347 0.0
-0.1737466204765583 -0.9351287889388502 1.0
0.19693010109109466 -0.7017527809005153 1.0
0.6095205820449539 0.34493257919207565 0.0
-0.49828965914814094 0.24046442473579366 1.0
-0.7327298225670238 -0.7552919959270654 0.0
0.6741531572167669 0.8394461327650644 0.0
0.913567597781221 0.28312722547269686 0.0
-0.4333751705701274 -0.35922923841268006 1.0
-0.3277676024614946 -0.5651441130564523 1.0
0.8262923551048165 -0.0771999023556762 0.0
0.013251387588817387 0.1864584383628609 1.0
0.3463319970930512 -0.37437250347671536 1.0
-0.1822270743871346 0.9891857293349788 0.0
-0.835066633417739 0.5662129248809664 0.0
-0.6567668891719274 -0.7021678526058452 1.0
0.5604100272767676 -0.9052439420532357 0.0
-0.8408754148573319 -0.2938509461319092 1.0
-0.4360556021806683 -0.786507187306831 1.0
-0.38481158065817467 -0.9230713615834962 1.0
0.5441812930767622 -0.31880025273282797 0.0
0.8957708648604845 0.1694864203664732 1.0
0.07394836611323474 -0.6139197526095246 1.0
0.19905499472966026 0.319421957684326 1.0
-0.28422908685088677 -0.5628666163071641 1.0
0.8263482749337046 0.05355065971780282 1.0
0.4286441829137104 -0.3609374604359441 0.0
0.4435123298417787 0.1623752251926851 0.0
-0.8812746244036913 -0.7007141444304499 1.0
-0.20998270091184357 0.692750482302521 0.0
0.23052983781994518 0.9909507201049241 0.0
-0.7631660349589973 0.8253590995084292 0.0
0.6031831956234188 0.3080037247292944 0.0
-0.22692112544666054 0.4692536611136924 0.0
-0.38403442751045214 -0.8476978393840684 1.0
-0.020767712217045542 -0.21313911715836875 0.0
0.9119936815745018 0.8759537181336554 0.0
0.4853124389603758 0.7349750786364073 0.0
-0.8083135160424992 0.8407749142685337 0.0
0.9142152335624039 -0.14429788927709075 0.0
-0.12792775565277892 -0.08979996913759258 0.0
-0.018991032410219377 -0.22751495939609634 0.0
0.7898382906805756 0.4307020215901183 0.0
0.9858322468141467 0.6296987055993677 0.0
0.4237123120165509 -0.0701760034074792 0.0
0.8026469095153586 -0.7434698813747691 1.0
-0.08259943230261002 -0.7639187542934713 0.0
-0.008027012836722136 -0.8839106777145964 1.0
0.7295297014398296 -0.4924908432801418 1.0
0.11351827271628867 0.22132306881028407 1.0
-0.9919468172886778 0.11327617539872548 1.0
0.46591738633954294 -0.40752171122341085 0.0
-0.3366643571748553 0.4588684828934806 0.0
0.9675314357307678 0.9671597163695109 0.0
0.1680601263409207 -0.9695311590966409 1.0
0.2098638582440171 0.33425029326612976 1.0
0.809840966870633 -0.7013063970213296 1.0
-0.3011151063791573 -0.20855410444582434 0.0
-0.7022392192388331 0.4867906281596881 0.0
0.0418190411852557 -0.32776719139083466 1.0
0.3352989558314723 -0.003244837896908992 0.0
0.04331457060353361 -0.1562928485845998 0.0
-0.4625094836203909 -0.38288570627026286 1.0
-0.5643153975369508 0.5089304977276892 0.0
-0.7928690716406261 -0.8183248327129466 0.0
-0.10917830122078209 -0.8455928483835471 0.0
-0.13329383286948637 -0.02403196891536763 0.0
0.8124336716499145 -0.5940887175490188 1.0
-0.6195975379257082 -0.023661838875459917 1.0
-0.19095315239609145 -0.13388930551338252 0.0
0.760639377120252 -0.31203191107353834 1.0
-0.6388787225597268 0.2670333934460263 1.0
0.6267356596371447 -0.4408506065787958 1.0
0.047417636245533634 -0.8953737619478206 1.0
-0.7689729449753233 0.05947230585556951 1.0
-0.5992553612764122 0.9492646012301784 0.0
0.3111567682725942 -0.006118466545890433 0.0
-0.7261905993211706 -0.7505720825277493 0.0
0.22176874496374044 -0.026253820306183506 1.0
0.6639410623802822 0.3156850229229151 0.0
-0.2630773008673284 -0.26024484233493883 0.0
0.5012999793432147 0.4703097717996434 0.0
0.03986247660705988 -0.9093644465055317 1.0
0.22164136290918846 0.8583876903292846 1.0
0.527730987817743 0.7640040111060973 0.0
-0.09969461831320592 0.501231436125031 0.0
-0.6245175346792167 0.7022431572586647 1.0
-0.6027540569029941 0.015818999266648426 1.0
-0.2651203850639461 -0.5311514147057586 1.0
0.5786375553262535 0.46786871222693405 0.0
0.7770303638961111 -0.5328696450827601 1.0
-0.1397733216137056 -0.9975648335753009 1.0
-0.34962404990897933 -0.09837374127892984 0.0
0.07725423574243817 -0.5048124756244954 1.0
-0.29986948609582265 0.20984760203169284 1.0
0.5809524223040494 -0.3812844391415857 0.0
0.7670646701986232 -0.17015906867678354 0.0
-0.15408807835139005 -0.9549774639307342 1.0
0.5876520627738449 0.7839607549146865 0.0
-0.8585037461004046 -0.1260912109827157 0.0
0.2723610941190451 -0.6332250035423199 1.0
-0.10371139438923094 -0.7208463391659561 0.0
0.9704530412007553 -0.3267276153065899 0.0
0.8935770955050468 -0.3730226162221071 1.0
0.019982519750734618 0.8148649111592734 1.0
-0.1356093741199358 -0.5561139718004049 1.0
-0.7490967950616436 0.11547748918726963 1.0
0.739422326758495 -0.44415760850430575 1.0
0.17657566111412026 -0.7382316897699361 1.0
-0.23669095956126052 0.2389114551350917 0.0
-0.7476948556038279 0.0977944606564558 1.0
0.3534076895057108 0.2659416155825891 0.0
-0.8321957624391372 0.9717950130434165 0.0
0.4726513511142558 -0.5064514816823238 0.0
-0.9168327824189295 -0.33676280258095503 1.0
0.037054603629704363 -0.5592094271109735 1.0
-0.6304429596258092 0.35295921101790495 0.0
0.3098790754837404 -0.957284564283204 1.0
-0.49770749365221767 -0.013233370432661706 1.0
0.24090308227156165 0.36487921241377563 0.0
-0.2662648687615796 -0.22509343116091607 0.0
0.14361348008877717 0.17984377561831555 1.0
-0.07704100897251642 0.23348920695971498 0.0
0.5687561715062339 0.40435502377293786 0.0
-0.1017414924025497 -0.8357271826156991 0.0
0.11268090961877242 0.8969601222179819 1.0
-0.31047453507803247 0.9924048174975038 0.0
0.9969053135702919 0.9457759323214632 0.0
0.466878860521746 0.39184535458764813 0.0
-0.9185713003805018 -0.6507640639399768 1.0
-0.82911610204717 0.4230737591683489 0.0
0.9708939775575467 -0.7574145726166128 0.0
-0.11394507730787562 -0.282716581514314 0.0
-0.6808437095150921 -0.6740397753464196 1.0
-0.3925453673888586 0.03013028630639547 1.0
-0.3548624992123821 0.6574618789647015 1.0
0.9443010587292981 0.509094967079208 0.0
-0.0069974181022585125 -0.11566480344607233 0.0
0.37968487909927506 0.24289130704973316 0.0
-0.6308257737272871 0.14715452471250723 1.0
0.0708697555226443 0.2834016335380358 1.0
0.5823451562432138 0.320954212030496 0.0
0.9424907193957197 0.8735442449877853 0.0
-0.35921402956575 -0.6186805625057072 1.0
0.28004893263920994 0.43124329743926815 0.0
0.2511910722073989 0.9182572539404663 0.0
-0.630617835681573 0.40181810814736174 0.0
-0.1891389752341852 0.9741334159501096 0.0
0.13023946304590028 -0.7250656008829284 1.0
-0.16801984610844545 -0.951239742663567 1.0
0.6733249661968634 0.41582071684018884 0.0
-0.6531266964321529 -0.04926357028578643 0.0
0.9534660746038168 -0.5405737833478133 1.0
0.8554693290878352 0.28868572116999935 0.0
-0.21478589848029395 0.6254045519852391 0.0
0.5343027843252461 0.9852241901576735 0.0
-0.2007861269305602 0.0497997186863377 0.0
0.5459391200816364 -0.4196531278770912 1.0
-0.5727764403471014 -0.8257502603136098 1.0
0.08593430363313481 -0.39008734007555845 1.0
0.5022857495205408 0.18332666245443896 0.0
0.8604001884862549 -0.8673824437003697 1.0
-0.49675547328632863 -0.13583326009255337 1.0
0.5748224949424896 -0.6207777560431602 0.0
0.23369835327874244 -0.5448168553349362 1.0
0.5294167122931812 0.3453044190843877 0.0
-0.46912724824556995 0.8686873021450272 1.0
0.0788793324072865 0.6390303807234112 1.0
0.478582683096483 -0.9402690696174947 0.0
0.6731338705563099 0.5502081767632947 0.0
0.9304833973582147 -0.21000675615634212 0.0
0.25505953653864566 -0.25723773120908566 1.0
-0.04391503066046698 -0.47146354424636483 1.0
0.5724362352496142 -0.9554544891627044 0.0
-0.2945685576150774 -0.13762904301999113 0.0
0.6197197408380235 -0.35643851548497185 1.0
0.1598541992483109 -0.6617326190691128 1.0
0.0388790908673573 -0.3873485259141056 1.0
-0.02598949269420925 0.46872732902583447 0.0
-0.021926730011020634 0.3143750033091848 0.0
-0.02981922092419076 -0.784575995565411 0.0
0.7077309472614306 -0.024358100165480234 0.0
-0.8452898666372584 0.7804769164157754 1.0
-0.5869781637691227 0.00849115922023147 1.0
-0.263927494712918 -0.05400828817076886 0.0
0.46280120578832573 0.5083699426422625 0.0
0.38322606685626504 -0.6116082083235137 0.0
-0.6694771150915884 -0.37516004695290217 1.0
-0.23436074794013972 -0.3687380108573459 1.0
0.16523681668163293 -0.08632401718277505 1.0
0.01761509122253191 0.4813277176145814 0.0
0.72146862099073 0.34564335847243455 0.0
-0.4207529572800055 -0.557993842994523 1.0
0.29768577358191717 -0.2612104169445093 0.0
-0.32378327008814 -0.4945743351845615 1.0
-0.6508985424262037 0.25125545037227104 1.0
0.4115999900567864 -0.47992298197385685 1.0
-0.26907330386254213 -0.22620630620984095 0.0
0.016295105112961616 0.3191990240145557 0.0
-0.9549875207587233 -0.5410159705270654 1.0
-0.32259026465361673 -0.15485183793076973 0.0
-0.9210428932355681 -0.26724288330835155 1.0
-0.5854722106836545 0.6990446184863546 1.0
-0.8688365864004515 -0.0005350950910800734 1.0
-0.3252477629259889 -0.6486568107086945 1.0
-0.41294710763995224 -0.2847452068150236 1.0
0.5666502253181511 -0.19282045034330708 0.0
-0.3958746262234063 -0.5174461887393178 1.0
0.2177845753156471 0.29357386782965533 1.0
0.45158190527988107 0.9692243108879159 0.0
-0.6334101994360057 -0.21753420690923875 0.0
0.7102263483568161 0.29372476602563635 0.0
-0.703653146631686 -0.5558062833166935 1.0
-0.25092958857426173 -0.26958405864788104 0.0
0.19532016242185524 -0.9527399858706063 1.0
0.8546164884460368 -0.7028831667673507 0.0
-0.6559980257675866 0.00569378333984738 1.0
0.24470483118725772 0.09930514159063453 1.0
0.7067366828344905 0.3726775481049516 0.0
0.14950992220368486 0.5089475360956768 0.0
-0.917550461119425 0.15362831841090374 1.0
0.34963577804754853 -0.6172491807946201 1.0
0.21110030636981292 -0.8011852161178639 1.0
0.5774422517976425 0.708519878860778 0.0
0.7160333085410753 0.8205242534004111 1.0
0.35188830251015 -0.32429409114328567 0.0
-0.27088737353270864 -0.34097926338718487 1.0
0.33178049829364786 -0.16955009379372488 0.0
-0.4972350048347183 0.46820047984213864 0.0
0.9732725037971857 0.2311908500422981 0.0
-0.9009051899429235 -0.17624849872137105 0.0
-0.11905883223838076 0.4474328813065078 0.0
0.8471003696335442 -0.9751412216152344 1.0
0.25770571869275827 -0.42715685357995015 1.0
0.21739042546846576 0.25323072486350817 1.0
-0.024395795909616602 0.4567858858665459 0.0
0.8028875908519402 -0.2950265042143587 1.0
-0.4868430330822704 0.9683064206473564 1.0
-0.4968471193869448 -0.8025047818444639 1.0
0.8416481773916336 -0.8782784748848982 1.0
-0.9838797821551699 -0.024289450304901372 1.0
0.09865436700298358 -0.11604187913905539 0.0
-0.14778243110009615 -0.5408602621028473 1.0
-0.9367062945474873 -0.45133250343085374 1.0
-0.2507580682817725 0.3585910612984504 0.0
-0.7688352813979951 0.8389453729621856 0.0
0.2301244525350492 -0.5799828446408166 1.0
0.2693022890967942 -0.17911131382244694 0.0
-0.7453801059069336 0.8437770804512157 0.0
-0.5748519510635028 0.8068674217748317 1.0
0.14858168560223484 -0.9786246115430117 1.0
-0.3208320798272004 -0.48865410786174324 1.0
0.730474982053225 -0.09456115867328241 0.0
0.35238659151441976 -0.9684704543296885 1.0
0.8839734841817051 0.023038610331803433 0.0
0.5044595310351114 -0.25117448126768793 0.0
-0.4559065013424435 0.7661485933130632 1.0
-0.9792696667901648 0.6136482237022944 1.0
-0.7637697692660945 0.9847517838790891 0.0
-0.18665069548808644 -0.9541639212900699 1.0
0.8925492015564918 0.7205619923167692 0.0
-0.8833804881940339 0.7384133405231972 1.0
-0.9229235048733917 -0.8763771506822 1.0
-0.9474264520251023 0.6211648400281597 1.0
-0.05857563888840156 -0.33896204576228706 1.0
-0.7503922366606504 -0.10333733067439144 0.0
0.05232664904196982 -0.2952661948890567 1.0
-0.12741562339949164 -0.30064813896819165 0.0
-0.5606332590063534 -0.7882312530850593 1.0
-0.2501023375486857 -0.11611961391106429 0.0
0.46863859517986906 0.6659416008898849 0.0
0.37559514930782867 0.8284246582054038 0.0
0.9090688556453896 0.6214578889766373 0.0
0.20355409246680267 0.2778328889014783 1.0
0.41141635864882553 0.976207495867019 0.0
0.6763728406793872 0.04201232318106585 1.0
0.234914797724185 0.7258415067297284 1.0
0.8838412692387196 0.6237378420342059 0.0
-0.08215998113254508 -0.7919415539754489 0.0
0.3106261365831815 -0.9933892016218668 1.0
-0.8462035533730159 0.21987933081090705 1.0
0.4560696740549848 0.00867376688129684 0.0
-0.16939869136004915 -0.32294364759994787 0.0
0.8386509763941083 0.3953896207630736 0.0
0.14142208443296322 -0.07000458641937812 1.0
-0.48276769650216567 -0.9659135373916563 1.0
-0.3391425547447573 -0.6195034872094776 1.0
-0.24084147617244467 0.0319884164155515 0.0
0.7607274179401937 0.8094002562052773 1.0
-0.5933722898880673 0.5946616064858223 1.0
-0.13361697661275418 0.06574834852610278 0.0
0.7725779848692322 0.4279837295431974 0.0
0.37668326333371094 -0.15939049059722254 0.0
0.8307307715590571 -0.9736545509812202 1.0
0.15994312645628472 -0.5201477553012122 1.0
-0.5733259799563359 0.35343868040965254 1.0
-0.9486631008569448 -0.23476138264335522 1.0
0.3893279349865688 -0.8552475407286588 0.0
-0.3700460747242591 0.47278994983212996 0.0
0.7632976601685157 0.02895223003548919 1.0
0.5228156284473937 0.275869743427422 0.0
-0.9309259069167282 0.8259290975805371 1.0
0.6265144391009476 0.3300063196476497 0.0
0.09775069967870564 0.6394329044685203 1.0
-0.7946496604107536 0.7714171136217558 1.0
0.4784778118877526 -0.3061007936204396 0.0
0.6442078386945103 0.3200862310762267 0.0
-0.804136241188196 -0.7656543464395231 0.0
-0.7274371899118381 -0.5686264198753301 1.0
0.08945976609272477 0.7803380371167534 1.0
0.7273454515927971 -0.04853662869065167 0.0
-0.2423346764942218 -0.06845648367780921 0.0
0.5351977175416476 0.13861809904423295 0.0
0.8751825149034751 -0.057242075114687374 0.0
-0.8059337149137349 0.25200846554197587 1.0
-0.18362058081406274 0.8920376407962269 0.0
0.5660383504254465 -0.41074818347423037 1.0
0.3022809302350802 -0.364566595200148 1.0
-0.8262259906046923 -0.6150597046456949 1.0
0.25437041645186054 -0.6834404516401429 1.0
-0.9828071882680547 -0.15949846932310674 1.0
0.5352621136088154 0.7942334274181628 0.0
0.5304677422478232 0.9689853624792364 0.0
-0.730819642284096 -0.7852084056238897 0.0
-0.9975665270370073 -0.327974252296821 1.0
-0.36497903289974154 0.6477183571571947 1.0
-0.11227789862801041 0.7637476693970602 0.0
-0.49047546311110546 0.31776299439090194 1.0
-0.8762293412017126 -0.3694336802721341 1.0
0.8443259327060346 0.2602993219385723 1.0
0.5676401477364557 -0.8059441884554279 0.0
0.24600196666890106 -0.8010827467418895 1.0
0.903559982333096 -0.08893929521931287 0.0
0.5491427083573324 -0.03895809489992619 0.0
0.6697184708593016 0.6186268485517397 0.0
0.08677488244486464 -0.1638272461892818 0.0
0.3662809147569337 -0.9508000550048501 1.0
-0.7232794785001972 -0.5063415329830723 1.0
0.03678222932543673 0.659208093946634 0.0
-0.14058032228916573 -0.390890135911778 1.0
0.2411217450845191 -0.41080744761892296 1.0
0.8520157407960511 -0.555427181996059 1.0
-0.4219584197606878 -0.8443179182012523 1.0
0.08038134509216066 -0.5298157496064462 1.0
0.40490537739997534 0.6957964755811166 0.0
-0.49197618574044877 -0.37110551006503045 1.0
0.03943967751890676 -0.9420475861364159 1.0
-0.6529225350493366 0.11238492222820384 1.0
-0.5357742992107732 0.7638397916817368 1.0
0.9975617678159687 -0.5305870997613988 0.0
0.7483680853051438 -0.7741964998866766 0.0
0.8486667346814627 0.35585454797393457 0.0
-0.6643036568049583 -0.5425140751793693 1.0
-0.8943659550065788 -0.08754232291265884 0.0
-0.9229254654343004 -0.2912600442963349 1.0
0.9607547366061251 0.03606493057590754 0.0
-0.37280241158924543 0.4571060571818162 0.0
0.18113352603375144 -0.6998003250712201 1.0
-0.9087119834692325 -0.050607939905712884 1.0
-0.1483543881066487 0.9647578011695985 0.0
-0.4105720547749647 -0.9785345613107383 1.0
-0.16323237948413793 0.43890354192766234 0.0
-0.4464116496819668 -0.5048726490752133 1.0
0.1928928604427289 0.801901211268965 1.0
0.582855276390676 0.7976617031601334 0.0
0.4793039819163796 -0.21296058036932708 0.0
0.35505121985358445 0.6260138267951185 0.0
0.7286824195777772 0.8794225984767419 0.0
0.45210333233456246 0.43028041356587465 0.0
0.6404628187031112 -0.9038535301180917 1.0
-0.03267648779210952 0.46549102728281344 0.0
-0.41489228555604996 0.02829619095997038 1.0
0.014034996141634837 0.45591571748368587 0.0
0.8295967522196086 -0.7956705684136687 0.0
-0.5414527108148621 0.5268452687190077 0.0
-0.25161518447187015 0.5991377591082614 0.0
-0.43843749882548777 -0.1042559979257518 1.0
-0.290891932837094 0.28848865637595433 1.0
0.4702586685710417 0.5765591177640863 0.0
-0.665925064390728 -0.5680357862413519 1.0
-0.710051096823497 0.3013919085733059 0.0
0.9902204408440776 -0.2662168857298177 0.0
0.2559691862757938 0.4378315420606709 0.0
0.11359569492866473 0.2069899400220252 1.0
0.004451183667614433 0.9493148345869908 0.0
0.37151594675411115 -0.9670653945121863 1.0
0.8516015736415596 0.48721720014756964 0.0
-0.6282615934330762 -0.1364581081566696 0.0
-0.5438730019662656 0.13028521535976045 1.0
0.6062360923024772 0.2950759930714675 0.0
0.45697674456914905 0.9656286724620948 0.0
-0.6114494511469919 0.6425693446992831 1.0
0.7672961300627612 -0.31342141859517914 1.0
0.27677819919434943 0.17995187319234884 1.0
0.8334794503904432 -0.5347296554543284 1.0
-0.9824013871884816 -0.07096052220836158 1.0
0.4407741901530482 0.15722339791046935 0.0
0.9386258202773068 -0.7865735410431125 0.0
-0.40960602759533593 -0.09737215262709231 1.0
-0.19258197589004356 -0.7015058268159102 0.0
-0.9831811308700058 -0.6121396014238858 1.0
0.41747727133229584 -0.7466475783070505 0.0
0.20169962014410192 0.2042152482071664 1.0
-0.07705511574676893 -0.3588756348385087 1.0
-0.04317934205531304 -0.8446746491444039 0.0
-0.0766413621799058 0.5390331278913794 0.0
-0.8394616986474874 0.1171273085446971 1.0
0.9118004174028709 0.3222528338600841 0.0
-0.15348685812531038 -0.7763907202585847 0.0
0.9609356713899813 -0.9292250250516996 0.0
0.022890632800532273 0.7201854775243735 1.0
0.6698393313501485 -0.7604222969090277 0.0
-0.5976082108403165 0.3286378716055447 1.0
0.5530846962874969 0.9668870701787966 0.0
-0.23906769402681616 0.19554772768044537 1.0
-0.8803004885756227 -0.5083020239574749 1.0
0.977561296748501 -0.49076188958548284 1.0
0.8106532279814256 -0.9346977756835686 1.0
-0.7092648663098178 -0.308818364865572 1.0
-0.3068386395843301 -0.7296028301251656 1.0
-0.30535627858958936 -0.15301963193734824 0.0
-0.14973674724560682 -0.5113618707322343 1.0
0.8422611597355598 -0.5096871923766388 1.0
-0.5446104675356511 0.3297734573637716 1.0
0.9604668499761733 -0.5671744833473287 1.0
0.9568561181918434 -0.5816984295739107 0.0
0.3691489306332574 0.03647398354255493 0.0
0.45385998564539554 0.9425941901587405 0.0
-0.33628554045698955 -0.35286496947892054 1.0
0.4054787478778006 -0.025420228130105693 0.0
0.4646139661107933 0.4215095320065547 0.0
0.7264031000739379 -0.3138207256405776 1.0
0.5627831228451634 -0.5146880106531349 1.0
-0.4747509428374703 -0.22633735749206507 1.0
0.9957056324495135 0.47322833065997094 0.0
0.08988343598514303 -0.46027519902852077 1.0
0.7208440138766128 0.10887804785312549 1.0
0.5824145495950581 0.8976911395214109 0.0
0.6995576859915715 0.09490985826023168 1.0
-0.6195884063302226 0.1943795444073264 1.0
0.7045000717120744 0.3477063608793427 0.0
0.04540509968807038 0.13397070782390585 1.0
0.5167413001697552 -0.721811808334244 0.0
-0.7606418528984549 -0.5749562449150318 1.0
-0.5383309260512907 0.7936298636728332 1.0
-0.9003134007921805 -0.04399332606089801 1.0
0.9021257457642724 -0.20691494016644896 0.0
0.9306091190336245 0.09158123153147679 0.0
0.21117155717465352 0.3391428011987663 1.0
-0.11878025903845724 -0.8038160664401828 0.0
0.2715024751433175 -0.9544872148953463 1.0
-0.006138365588618688 -0.5774384050351711 1.0
0.7939168163817765 -0.6106341181001234 1.0
0.62321204028872 0.36269085751316643 0.0
-0.4017800352620333 -0.6221195337547893 1.0
-0.7669811727408042 0.3595081402988449 0.0
0.5496662876581508 0.32201804368038145 0.0
0.006179934978066459 -0.8018149561908141 0.0
0.5778117838089145 0.5654863524286244 0.0
0.4413121532162789 0.5557858770016693 0.0
0.3564699190610523 0.25044925089782777 0.0
-0.6006790276615988 0.32740709803495904 1.0
-0.27006370485130904 -0.35551719180978947 1.0
-0.09201006986189553 0.4829668792566899 0.0
0.7969515924150583 0.539278687077922 0.0
0.382005342340203 -0.10686745852624968 0.0
-0.1432760849092456 0.9275377095934509 0.0
-0.9436537793822684 0.5646909333490853 0.0
0.5217257554621475 0.5778278636985099 0.0
-0.7239958657480645 -0.5602701171267888 1.0
-0.9018864465561371 -0.027422959166514937 1.0
-0.2520965944491831 0.805237430113316 0.0
0.3932953440961686 -0.7192683539464422 0.0
-0.5548254309369411 -0.2676002171427101 1.0
-0.3530671802992298 0.4339517359347107 0.0
0.34551102736772443 -0.538083379729327 1.0
-0.9804358525289054 -0.3080920250699375 1.0
0.03767644616091914 0.6455840895911851 0.0
0.6536271074569702 -0.30887482186776416 0.0
-0.5635960786715581 -0.14341253110332253 1.0
0.8937978524370016 0.5832941628402577 0.0
0.9388104438771128 -0.2945729571841085 0.0
-0.7361656879212162 0.9393423168314396 0.0
0.819704701728744 -0.874156827950801 1.0
-0.7726344202232134 0.134661176053265 1.0
0.2005190597885378 0.7561045166290579 1.0
0.1833717605176206 -0.7699923621484068 1.0
0.4623124970606196 0.041024721210559 0.0
-0.32526909364140444 -0.6313715682640542 1.0
0.04216095799608399 0.5203080873249701 0.0
-0.8991559110044349 -0.8987071661665278 1.0
-0.5468723731287846 -0.8092205189101629 1.0
-0.1559825531817951 0.8102847188336146 0.0
-0.7425854422459597 0.8535799047771959 0.0
0.8531230197790227 0.39536911422440224 0.0
0.8865273187794678 0.29628697308634133 0.0
0.7028143082785363 0.6517961717103773 0.0
0.9317222433340226 0.34943028638252294 0.0
0.3281195082004382 0.055700780823358054 1.0
-0.888585800901823 0.210696162182473 1.0
-0.8039534994514959 -0.8443902528909688 0.0
0.4597696319254194 -0.7643495835997571 0.0
0.24139036285859428 0.11189082210804724 1.0
0.840828096082153 0.8750849964678178 0.0
-0.8197961035414703 -0.8048564159489144 0.0
-0.2415931261842592 0.915958304954094 0.0
0.7292970723763592 0.6915252071481939 1.0
-0.41666329359955623 -0.8770661158778921 1.0
0.03301073806304311 -0.5739073494948461 1.0
-0.16766537151900773 -0.35465623551490655 0.0
-0.4676214266148746 0.45910697224702735 1.0
-0.1204024159937831 0.7796384624265269 0.0
0.0329619530388745 -0.3703180906023964 1.0
-0.9282532283202052 -0.6095025410523804 1.0
-0.9773954394408126 -0.516765184725759 1.0
-0.1657924039820784 0.25119095280290193 0.0
-0.12824501954193002 0.12793945174437238 0.0
0.810063092780839 -0.5117817983244184 1.0
0.7886395170736549 0.028880548035866704 1.0
-0.6691666030916059 -0.39274561816471665 1.0
0.8777128226986037 -0.5345990730514683 1.0
0.7355542371308761 -0.9416255323079623 1.0
0.6421800038335044 0.6791484472493194 0.0
-0.8735944437204544 0.1285763568081002 1.0
0.5004350510622426 0.18650046708311319 0.0
0.2276719154545399 0.33192104438307957 1.0
-0.2599926444192515 -0.572582873242939 1.0
0.566980882415103 0.7691431855483684 0.0
0.09494909159836618 0.1091137427577189 1.0
0.7208046230303158 -0.035718222242129505 0.0
-0.3941843956698954 0.38873735001687004 1.0
0.4328292454763951 -0.9454602601463662 0.0
-0.22905087895953047 0.03474508803145637 0.0
0.9307510336019227 0.5784745610691897 0.0
-0.7655215315062314 0.495078832941533 0.0
-0.038768941900321874 -0.060242328821989544 0.0
0.13214315206027516 -0.2185668561175511 1.0
0.5000678750278271 0.6899934027145713 0.0
0.7914374809164797 -0.8864813567890089 1.0
-0.30249336562077755 -0.7451620389738987 1.0
-0.40894591279903847 0.46013130054045215 0.0
-0.4837667072474632 -0.16456247293984938 1.0
0.8279526030096724 0.27703214420624556 1.0
-0.9167309653589855 0.5434801562723959 0.0
-0.2887090927728764 0.7617012484967356 1.0
-0.4031125221686389 0.9370588997184506 1.0
0.49168224391798354 0.6190053542902054 0.0
-0.5291110393507228 -0.1772866093175769 1.0
-0.10991782501898806 -0.7742640138082915 0.0
-0.4850853442585523 -0.7090013453988431 1.0
0.9198644102139222 0.2301430126971984 0.0
0.6247979550889631 -0.0655671226317045 0.0
0.082863059685377 -0.8320872343316355 1.0
-0.3622396225004867 -0.7273500936389963 1.0
-0.02957124590464244 0.29225986037308416 0.0
0.519609010965453 -0.9507677890938511 0.0
0.9821175404113978 -0.3294176338754897 0.0
-0.23833572462949215 -0.4065062764488241 1.0
0.8858245096791366 0.06719204470486506 1.0
0.9436111334417214 0.3563555370891158 0.0
0.16298884257760404 -0.911411722457945 1.0
0.8882659830642503 -0.7624914245928529 0.0
-0.3441170338512971 -0.7048043702868252 1.0
0.936783152124417 0.8881409253862673 0.0
0.6120067235461932 -0.6123413557232884 0.0
-0.9100881140382464 -0.5698426955711549 1.0
0.37760075039094443 -0.27136130529934377 0.0
0.5645014389151033 0.3087917853502893 0.0
-0.2223920553611436 -0.931998893280511 1.0
0.6212041058028639 0.3006095282112149 0.0
0.31129400292832554 0.1550133148516295 1.0
0.38123264416082336 -0.41947031119629963 1.0
-0.8486569207603982 0.6693036239072687 0.0
0.22134912328404655 -0.42562018980385563 1.0
-0.391977638626952 -0.0123746110245877 1.0
-0.8224088111946424 -0.5131249291257569 1.0
0.3361556781114521 -0.14549869972883522 0.0
0.9502021175243511 -0.7046495484660444 0.0
-0.3822150490744647 -0.5873939849991519 1.0
-0.6993874041339818 -0.870722194974447 1.0
0.3855093492871944 -0.25638648869780534 0.0
0.7371182066459894 -0.13084836727272342 0.0
0.1271488472620661 0.44785475867253544 0.0
-0.5159714784623033 -0.17020434725876799 1.0
0.2921497986073909 -0.23515112959984608 0.0
0.7864329688061307 -0.856027157260165 1.0
0.6784819712533718 -0.666482758957115 1.0
0.19119421535579106 -0.5098545823006668 1.0
-0.9076307326382078 -0.020114823720885466 1.0
-0.5034281744909062 0.3795099331444407 1.0
0.29421742897972214 0.6280048378716641 0.0
-0.6554413546916038 0.9946356800139442 0.0
-0.3491285529293886 -0.29515687347288533 1.0
0.9748541718805344 0.18955129437765827 0.0
-0.05654349951297255 0.9113168507742624 0.0
0.7961807436952757 -0.3750267691326592 1.0
0.36725950831529297 0.6424232591122112 0.0
-0.30031275275382163 0.2360861747467009 1.0
-0.1371093001212389 -0.1371945781191286 0.0
0.6730806955062758 -0.6246722890895346 1.0
0.7545888258232554 0.2738973111963987 1.0
-0.7930673378877553 -0.745010681109314 0.0
0.6306236540506895 -0.7612747718477813 0.0
-0.5975854751633458 0.7735763046263628 1.0
0.08802380014346789 -0.3770638229589047 1.0
-0.19469820932942072 0.14254566850549777 1.0
0.2919935668718834 0.3170102099460035 0.0
0.19584089307556862 0.6042004671361179 0.0
-0.8050436604453948 0.43208305320242335 0.0
-0.7504473174325386 -0.6273820785694229 1.0
0.7152490940538219 -0.006648749324769332 0.0
-0.38523424782315785 -0.932821095743291 1.0
-0.3351999756865216 -0.7983623519444043 1.0
0.7002217007260105 0.7117311314359911 0.0
-0.7433275474934464 -0.05509098608511409 0.0
-0.5223857277946278 -0.9218469770200746 1.0
-0.9672642401375753 0.6279821757547959 1.0
-0.6505261273693326 -0.8373644546854644 1.0
-0.253440076293328 -0.4942952622158452 1.0
0.9844994525708197 0.32753088593464375 0.0
0.6468488130949803 -0.2684135785037598 0.0
0.7160016725628935 0.6451669637204818 0.0
0.5781673752692718 0.2667878727182509 0.0
0.14012967157624212 -0.3183087352169214 1.0
-0.4532852742711322 0.607113127414201 1.0
-0.24534231879928536 -0.7396630687065693 0.0
0.4946710911863197 -0.15731962261603094 0.0
-0.00033458015847309674 0.673878879339818 0.0
-0.6553855783445368 -0.3446720861376129 1.0
0.3202415095910809 0.37356135215803277 0.0
0.6610247411470971 -0.2281873797855678 0.0
0.9484718953178966 -0.5763701755521511 1.0
0.8869771408737652 -0.0051306144470779635 0.0
-0.7763255761967527 -0.1725461325175799 0.0
-0.7908783450546393 0.5650362250345204 0.0
-0.02223868800969897 -0.26154698358977946 0.0
-0.01596723792720045 -0.5837068890225361 1.0
-0.7483659431099738 -0.8330363323447325 0.0
0.3850769213490124 -0.4340855057527666 1.0
0.7404677664881469 0.0749163501475647 1.0
-0.09685227870690749 -0.5418054695105932 1.0
-0.5953904689455565 -0.04931850025724893 1.0
-0.9968417924057542 0.528982951067765 1.0
-0.293545540361297 0.04718024344949967 1.0
0.666557893935386 -0.7107888651110079 0.0
0.8553406961725023 -0.14267180647067845 0.0
-0.6182591623348006 0.20690305294401035 1.0
-0.7716464155046034 0.9862313922828498 0.0
-0.9939557951084257 0.2621110347197835 1.0
-0.9413988369486956 -0.8748047097081062 1.0
0.05214230989973512 -0.4156033121234963 1.0
0.23214466032397318 -0.016701236812248332 1.0
-0.3112111063205618 0.0238934432603648 1.0
0.10331066599589733 -0.4446059121316712 1.0
-0.1814673899620578 -0.06683753281910554 0.0
-0.11112225215065585 0.5526855134371431 0.0
0.9739653554430292 0.8026136733030795 0.0
0.2461840148010912 0.821705966884517 1.0
0.7347956883972977 0.07322540057357663 1.0
0.04388966558294349 0.5835749787595925 0.0
-0.4276939220324414 -0.9970232945357582 1.0
0.602155078792892 -0.9978623400492899 1.0
0.7237402586420836 0.40215571038756237 0.0
-0.24676998734313216 0.9453002658050993 0.0
0.2506162686701816 0.2900537361608089 1.0
-0.2816177688108734 -0.4829770383633205 1.0
0.12429757098816996 0.11077387632039382 1.0
-0.6880640735369437 0.4219962062816536 0.0
-0.37448480600227874 0.5342812233748306 0.0
0.99149778788303 0.8260606348582604 0.0
0.1526145955355318 -0.41055786000517047 1.0
-0.7288275858040008 0.7213794715940329 0.0
-0.698133771244895 0.09175584122941571 1.0
-0.12767559402787176 -0.32836630840630177 0.0
0.23541678290479195 -0.22370448288859146 0.0
0.8522258896225343 -0.9897102508995719 1.0
0.9377361720646842 0.7236704111326706 0.0
-0.33128836825547414 -0.19656993492923203 0.0
0.5717373453234216 0.38066165418025033 0.0
-0.18949789290997088 0.14891968699260372 1.0
-0.6798075010144533 -0.8323121846842176 1.0
-0.8057265464243619 0.3197129336601434 0.0
-0.5084298420179163 -0.5678252496481913 1.0
-0.21106108022317294 0.39044987298328615 0.0
-0.7076846257269902 0.5612765249357148 0.0
0.0252889930992517 -0.19698003267009412 0.0
0.829760945587914 -0.4706568356565517 1.0
-0.09297959526274058 -0.46734962213731035 1.0
-0.7361626860151118 -0.6503107158396133 1.0
-0.7849584246481596 0.8286513949407786 0.0
-0.07760143148579823 -0.5837029279831607 1.0
0.31669107342713043 -0.5685239950801113 1.0
0.791043855603883 -0.09825892322071406 0.0
-0.9034462044735778 0.25408697990016793 1.0
0.6654355172072957 -0.10241635039451102 0.0
-0.38169220292342376 0.7321876390508206 1.0
0.8923341330908765 0.8196938254965245 0.0
-0.6089111908728326 0.6805548073654342 1.0
0.19759272401648365 -0.05062300306542311 1.0
-0.16300618780184095 -0.6249138337727671 0.0
0.2243065293425568 -0.043411314015560976 1.0
0.9362314862816701 -0.5872994578636446 1.0
-0.5777781618292195 -0.5322451252094045 1.0
-0.7344480042287882 0.4836358242031109 0.0
0.547936878549582 0.8015230125204749 0.0
-0.40858684803363143 0.3701821959109628 1.0
0.5802184636327476 -0.11040987835708704 0.0
-0.3530658230472308 0.9783354571196035 0.0
-0.31071252325618515 -0.8874493322897334 1.0
-0.6425808074519157 -0.4677976537530719 1.0
-0.9734622553152077 -0.028578894438646918 1.0
-0.793818729778976 -0.8887037443049466 1.0
-0.21021316513136346 -0.8006412234789393 0.0
-0.7483656769732603 -0.07265576471569246 0.0
0.4605177879853084 -0.674664429673234 0.0
-0.10420288688585955 0.29925816002347383 0.0
-0.8616422135364692 0.47294086047025563 0.0
-0.46731728960745134 -0.8496779566362793 1.0
0.5052100490170313 0.34916372330679635 0.0
0.2998300635828106 0.7977422971970227 1.0
0.7903088921761954 -0.6855224783356508 1.0
-0.10527546316502567 -0.035291899435921925 0.0
-0.6082146224503668 0.3809807322373959 0.0
0.3396225263024928 0.17607875915879956 1.0
0.6254804698344743 0.15267186177836822 1.0
0.7528329195743928 0.5947196666023322 0.0
0.7963968963307575 -0.9333728586076584 1.0
0.6955409538886426 -0.5771022490048587 1.0
-0.3811582984130315 0.26308767528301935 1.0
-0.7083554889465455 0.7930576859001659 1.0
-0.7048745907073255 -0.36903613298040394 1.0
-0.2863624244809715 0.06847210788149538 1.0
-0.14975426964964833 0.25222964455745234 0.0
-0.9521164345583455 0.6598332270640179 1.0
0.9654715863958563 -0.6112864543409862 0.0
-0.14794459809253135 -0.6602808591011651 0.0
0.9305916882164529 0.2653072962832088 0.0
0.3499107459341122 -0.30415574954337155 0.0
-0.3718558222312889 -0.8097736254506465 1.0
0.6391112518912823 0.11020976612688438 1.0
-0.905480251360506 -0.8236325148481065 1.0
-0.846912439017945 -0.5356581611603548 1.0
0.5791760755402049 -0.15354205430762158 0.0
0.2439102333328247 -0.17963217389091168 0.0
-0.7712253264593927 -0.6945911201036679 0.0
0.09374738226905377 0.723079698584632 1.0
0.33991851342763235 0.6244947232508011 0.0
0.9398226219615271 -0.4717379691771324 1.0
0.5606075185301715 -0.4321980411475168 1.0
0.602185057474506 -0.34344108444784816 0.0
0.9921099051678623 -0.9705401136420733 0.0
0.9256049144861531 -0.028633042770197514 0.0
0.9346149093193981 0.4562715439086349 0.0
0.04534688080299887 -0.7635602591621329 1.0
-0.03930926079581343 -0.5088888286490523 1.0
-0.4889739126283956 0.9730909313422726 1.0
0.8357558968241492 -0.8110976241365844 0.0
0.1404132567837364 0.8433059020870657 1.0
-0.1619130930452004 -0.24453051484152755 0.0
-0.8649411511235143 -0.28903655590376176 1.0
-0.3842805191604526 -0.2651868665352599 1.0
-0.875433707267214 -0.34314864648385157 1.0
0.4448585408602048 -0.16752368752355395 0.0
-0.24717880645341173 -0.6094084838715736 1.0
-0.5926006144006637 -0.39369122827774405 1.0
0.8112713501532411 -0.9916561278300244 1.0
0.8856332557471931 -0.9007706868670875 1.0
-0.9809724574992438 -0.5045192978660975 1.0
-0.46767534802710053 0.8542462205881804 1.0
0.5573793719163822 0.8575012201966059 0.0
-0.973876139397639 -0.4692560649999895 1.0
0.14934012655464501 0.543219361937402 0.0
0.5614569011426889 -0.19388837816891447 0.0
-0.003642618059519487 0.18889761473042443 1.0
0.08962025795509976 0.2573665975202388 1.0
-0.3148823207897913 0.9947117679564015 0.0
-0.8391376449674404 -0.16166928534892167 0.0
0.6620648699026215 0.41704460981266034 0.0
0.77881213413895 -0.5109205227288807 1.0
-0.5334358162056854 0.4373095701158265 0.0
-0.1822006547340207 0.8460209027198897 0.0
0.594204132945271 0.9435390565002428 0.0
-0.9767243149729008 -0.8093177545388215 1.0
-0.7460952025707708 0.5648277090398544 0.0
-0.13360506523660143 -0.9871515375157196 1.0
0.7114774651346669 0.6328838417861085 0.0
-0.4158426679146474 -0.41019454717895276 1.0
0.030303536718950808 -0.5317815051698458 1.0
0.3843345092719872 0.03128428313707676 0.0
0.6134676826891707 0.8157252758173106 0.0
0.41461333647716336 -0.6170645944601589 0.0
-0.599406339087168 -0.05589425371418333 1.0
-0.7413489186452598 0.7885543214437951 1.0
-0.400790323202147 0.6404718757638694 1.0
0.3987340168474778 0.13350071209082004 0.0
-0.37048332331420486 0.5194842085751552 0.0
0.9385638842307846 0.5359565835040005 0.0
-0.13906196427839768 0.7651242505712441 0.0
0.6855333286872727 -0.7640825947529479 0.0
-0.45766099581143926 0.09733488868117823 1.0
-0.20615098812437482 0.04194482738706795 0.0
-0.972535131720528 0.9310532641321658 1.0
-0.19634818138410925 0.27646243463495557 0.0
0.7502890555964958 0.12641863700508793 1.0
0.9101268859554921 0.35719737467214485 0.0
0.5381449291714129 -0.26159464024452905 0.0
0.6077614039136265 -0.34224747661788824 0.0
0.2906275757837178 0.8404196118035254 0.0
-0.32882434725309273 0.990002209878494 0.0
0.6481056178621665 -0.3327377209456437 1.0
-0.5812815445556276 0.831555313841684 1.0
0.7908296512307578 -0.6510968913648933 1.0
-0.805657832246639 0.9298057009665819 0.0
-0.4289423599333857 0.03355163416487805 1.0
-0.8790227323409923 0.9548259884512296 0.0
-0.9028266207429265 -0.9999417822612975 1.0
0.8581497665622613 -0.44981847386684626 1.0
-0.6948943555011979 -0.3754622880642471 1.0
-0.643553462397289 -0.6940442749192826 1.0
0.9785509871762412 0.4247575588624648 0.0
-0.5867289154156994 0.6744216596533978 1.0
0.24765430822426993 -0.6889729934121067 1.0
0.6397144608609104 0.1947017432914775 1.0
-0.26967766393367487 -0.05124311450540464 0.0
-0.9045170585467011 0.8756218214919129 1.0
-0.17572021344927835 0.6538210958700532 0.0
0.7216362997554202 0.6980800487095797 1.0
-0.7610656110231426 0.6503621171289842 0.0
-0.448355628442642 -0.7701950229577852 1.0
0.7422153772603619 0.7467806540049311 1.0
0.7925058001203598 -0.4982444302899989 1.0
-0.4613527901262495 0.8351828572982085 1.0
0.48456565481953984 -0.7313118546637489 0.0
0.32364818723269106 -0.34077113955554683 1.0
0.30550799962726116 -0.04321894569807161 0.0
0.2192441102224516 -0.39571187371532357 1.0
-0.6951416174423151 0.9704765467183976 0.0
0.18951080378578844 0.5440861241167936 0.0
0.6786718911920584 -0.3656001642969564 1.0
-0.24913053762414505 0.29186459493501604 0.0
-0.2074753787544985 0.47662208003365225 0.0
0.2538610875354941 0.04414635304650072 1.0
-0.5387283422172182 0.9604662775310211 1.0
0.9459658816543741 0.19468757377086288 0.0
-0.18283021915875342 -0.17926463734383646 0.0
-0.9051564569376485 -0.11618612998364153 0.0
0.40608159609661665 -0.06680313236865465 0.0
-0.5402782121460838 -0.9015440611593333 1.0
0.22399720077182605 0.922357310024922 0.0
0.18829162243326159 0.33380383859246465 1.0
0.8360040859942497 -0.789912142838096 0.0
0.11856496469783062 0.2959932450604703 1.0
0.3104120923504967 0.6742325151397739 0.0
-0.32424639080320605 0.6638277839824442 1.0
0.6494801298325386 -0.4265761948456681 1.0
-0.7099699744883443 -0.6802843908744056 1.0
0.6687726584239924 0.8325678859385996 0.0
-0.5041900968217861 -0.6605990168198708 1.0
0.3382170319508826 -0.37235693114401336 1.0
-0.7489702521618795 -0.8434723898683185 0.0
-0.2714781391191958 -0.5910717502251679 1.0
0.537122860674681 -0.03977779722407648 0.0
0.6483850650120144 0.6082898347627195 0.0
-0.07539984371155173 0.4909130040212475 0.0
-0.02971621461297791 -0.36062395741459086 1.0
-0.6599257821584361 0.2102558882015546 1.0
0.8326853510260668 -0.690071132531326 1.0
-0.10094012956908616 0.3441856809571735 0.0
0.7224784831442841 0.7239665684725249 1.0
0.8950513139940373 0.27146113598906485 0.0
0.9668497099255047 -0.3676784469875116 0.0
-0.40781189387952477 0.8146108074460296 1.0
-0.5909039719404638 -0.2484078967707426 1.0
-0.9406686696310578 0.40003099807025366 0.0
-0.8374134547904457 0.8291205630317053 1.0
0.10242278354904433 0.5616626055820351 0.0
-0.008203013919028557 -0.43959263485103506 1.0
0.08753539038034686 0.2595298689253287 1.0
0.9489206265890431 -0.7780474922293097 0.0
-0.1302593489614956 -0.7951145511144739 0.0
0.8877257485108603 0.11495594317475755 1.0
0.11867709327721765 -0.25966180954790063 1.0
-0.9813805635908359 0.7244940495788816 1.0
0.09511970521121849 -0.030080832487756615 1.0
0.7894878090798834 0.4551166709886838 0.0
0.34535005043270783 0.46027289236927293 0.0
0.01937019353594449 -0.6907832749549006 1.0
-0.5790672838608879 -0.10670387257587666 1.0
-0.6971486782300762 0.3956147990916621 0.0
-0.9135797674360902 0.8598463562127556 1.0
0.6013269752669019 -0.03461771924759338 0.0
-0.07685057710274656 0.4026518538110755 0.0
-0.7952160824996524 0.8251942383842441 0.0
0.5615465505177695 0.5300838863579043 0.0
0.8238738552036224 -0.7099474267410952 1.0
0.7215122443297393 -0.6788878318309084 1.0
0.7323330326967945 -0.8869527342642136 1.0
-0.9905773083151879 0.17553380706949984 1.0
0.8691440182053489 0.7343128279126159 0.0
0.40032277517382986 -0.18334103664515178 0.0
-0.8676358065448466 -0.5899847716243778 1.0
-0.1634534792266873 0.0034068889946381464 0.0
0.9441777616722289 -0.9744352639017428 1.0
-0.17995195969145827 0.7412620552355633 0.0
-0.9675285575658281 -0.5230882236227021 1.0
0.3422937008640894 -0.5876345010289126 1.0
-0.207330810113316 0.5221954049146618 0.0
0.41192255031441727 -0.9658547027020479 0.0
-0.14149359128123518 -0.3497455443765467 0.0
-0.03991534586318579 -0.42225990905675714 1.0
0.9026455917926606 0.31825990527778236 0.0
-0.8243932333474235 0.29409164488457695 0.0
0.3865194694315015 -0.021487842514178235 0.0
-0.7094167521580026 0.41783593300113253 0.0
-0.29639738432031004 -0.8695710641687033 1.0
-0.9256706352174588 0.6267817551739239 1.0
-0.08075810896480728 0.5705692709177406 0.0
0.6498113330084663 0.05098952717017924 1.0
0.49050420970667497 0.2881301093091235 0.0
-0.9934814018878857 -0.12878209071493285 1.0
-0.4402399011095479 0.029956203770211687 1.0
-0.43766572567273054 0.03815195917156711 1.0
0.22768141666450425 0.32256714049390944 1.0
-0.17111719914387757 0.9896600006563074 0.0
-0.4646496347877265 -0.44956304594642926 1.0
-0.03975490215393496 -0.35226201121082235 1.0
-0.31289372543085214 0.9562101424464711 0.0
0.37160501392887313 0.3087809030117119 0.0
0.09633900392918004 -0.0038037233667280734 1.0
0.9013675777398318 0.5460759353234399 0.0
0.7757446237867553 -0.9525025461806773 1.0
-0.602913422057997 -0.14320517760177487 1.0
-0.45009693023008945 -0.34975577786352074 1.0
0.2634138298914126 0.011814920051633537 1.0
-0.49313851113699214 -0.5039916134374127 1.0
-0.535452829345697 0.7282276067245794 1.0
-0.06038046613901549 0.43047920000201056 0.0
0.5853078791222419 -0.358738458500343 0.0
0.3050948235248683 -0.9892191530801322 1.0
0.9564090154667146 -0.1335716164044154 0.0
-0.9549198317770382 -0.2443593347631099 1.0
0.9358873111232866 -0.7472883443700828 0.0
0.27091792164550554 -0.8899922235099811 1.0
0.9088491965338945 -0.15825074959628527 0.0
-0.6004437160657359 0.9351689966495056 1.0
0.6001827775333144 -0.5804338221850363 1.0
0.9075150620978865 0.9499362377172673 0.0
-0.18591496584758538 -0.17483779599900062 0.0
0.6763882160422827 -0.34617697257863167 1.0
-0.7851911705670009 0.6086255697285998 0.0
0.5373139391545307 0.9729166056396188 0.0
-0.5205223966921135 -0.38786282497406566 1.0
0.20018410082530735 0.6103236958287281 0.0
0.46085936590154475 0.4611605059314281 0.0
-0.08442153794181784 -0.38960307906988834 1.0
-0.36811976134349234 0.4010766966854937 0.0
-0.9932916115771795 0.08541452410038719 1.0
0.6239281550257085 0.6115357916178856 0.0
0.6162908158173854 -0.014597467849285062 0.0
0.8255871672505279 0.08133464131653545 1.0
0.6416607688673446 0.6791009773017556 0.0
0.6817642933837207 -0.11852567215684284 0.0
-0.8918355451588227 -0.7408689991364616 1.0
-0.5697371043120047 0.2729636201307828 1.0
-0.3824136131787075 0.3188396178360371 1.0
0.7930166142946444 0.24098594604293444 1.0
0.8964831957628527 -0.3849050548553572 1.0
0.37130318373014504 -0.4630010457268843 1.0
-0.9155063660688922 -0.32919083638316615 1.0
0.4328824068312651 -0.5292274413075957 1.0
0.6760958211690296 -0.32189953627277346 1.0
-0.11884148008012052 0.7138886362593733 0.0
-0.07327318023077667 0.31514949907876755 0.0
-0.7562314807199639 -0.12551704612276682 0.0
-0.9706904405913055 -0.9078474741766238 1.0
0.5439918060782876 -0.49382272073525657 1.0
-0.25636121520662014 -0.8616367491492287 0.0
0.7522756199767313 -0.6797505759364488 1.0
0.6421154236173165 -0.06338571424542638 0.0
-0.35348610331201713 0.8299721218500415 1.0
0.17518088715792635 0.39888144998104913 0.0
-0.819110113712344 -0.6615229462784809 1.0
0.4236080549615229 0.48515793917633876 0.0
0.15200710143505725 -0.036141382866058835 1.0
-0.7361738217223537 -0.15237305265409096 0.0
0.6327041928026114 -0.2546308958895289 0.0
-0.8098202573771396 -0.8181136041675936 0.0
0.6325757600987549 0.8285289601613606 0.0
-0.817758726138875 0.26887271419329295 1.0
-0.6275387556155563 -0.5609431122387811 1.0
-0.4527033611242697 -0.6472527077977692 1.0
0.40697409261044704 -0.02710649000401899 0.0
-0.6994000057409673 0.2185640602351182 1.0
-0.4323120219210794 -0.03701153698527837 1.0
0.14740116543058002 -0.4445485402568208 1.0
0.9966080857914921 0.347138101323583 0.0
-0.15371838285368877 0.44536127010747917 0.0
0.5185975760280552 0.9167865023491226 0.0
-0.8663067937309468 -0.12574492592129882 0.0
0.2113281701422416 0.40635607582963496 0.0
-0.365866193255713 0.9588756720785716 0.0
0.4585396898205967 0.2406121626569322 0.0
-0.3732638481930417 0.4559532759364655 0.0
-0.5580558613246533 -0.41957713703196986 1.0
0.23159117210252456 0.9453001750527974 0.0
-0.24754975619886843 0.3513055835046395 0.0
-0.876621669399477 0.2561694850880736 1.0
-0.5272404319178285 0.6284863273079717 1.0
0.3448073182732261 0.6383683320617388 0.0
-0.791413475907291 -0.5003943959119841 1.0
0.5901793548969336 0.41158603472534394 0.0
0.44528354047460583 0.43162601449116367 0.0
0.02609875168996134 -0.25333708377611 0.0
0.5061091213763516 -0.08472109081328028 0.0
-0.9272253477156411 -0.8324947792656354 1.0
-0.9493567339763374 0.725247107772313 1.0
0.38453282321927995 0.6320720494861196 0.0
0.8716791290136974 -0.15060480542733057 0.0
-0.3211542906159588 -0.15955007906736562 0.0
0.08410803589949345 -0.9573261671008402 1.0
0.2493234083015492 -0.3079766567071649 1.0
0.3383175148771076 0.1335014321587049 1.0
0.11996497607589585 0.21207270139617274 1.0
0.3150757026356006 -0.14896544200890083 0.0
0.5304518426796498 -0.5906637232774459 0.0
0.9708818005408177 0.5481632593498418 0.0
-0.7818671328916937 0.5709436749335923 0.0
0.938236450925916 -0.9365198268823955 0.0
0.37927598240453353 -0.7189107076885255 0.0
0.8003623718240434 0.1583088891641844 1.0
0.2757404534624608 -0.8506764361993384 1.0
-0.11529879432083057 -0.3227598729139882 0.0
-0.7596601851478719 0.4162565415209192 0.0
-0.022629188772098408 -0.20817869679539003 0.0
-0.5530226994289476 0.01405600216979841 1.0
0.7419069571045285 -0.7712354047615002 0.0
0.04168839407695679 0.9352805729627118 0.0
0.6678790037773112 0.06125430449876612 1.0
-0.9505493706252488 0.9302646181446821 1.0
-0.05468259772501338 -0.9856850817488936 1.0
0.5216658311713473 0.9806960751018978 0.0
-0.3788779777183253 0.934095018088376 1.0
0.4614088745714868 0.21745332009491714 0.0
-0.31422226560644817 0.29952152710871194 1.0
0.2591183479547494 0.14023929908921118 1.0
0.052654140297211605 -0.03575039419057324 1.0
-0.466683862349637 0.7096651463349324 1.0
-0.37877255585586656 -0.29073554986546335 1.0
-0.8400320178763563 -0.4247745639935432 1.0
-0.24583468720774992 -0.11570185094895957 0.0
0.7394023022540968 0.7858443434830089 1.0
-0.7779358912343473 -0.23202528948985668 0.0
0.5643443276201261 -0.43993525777616305 1.0
-0.8159236716021063 -0.8406394481432795 0.0
-0.6780416820238873 -0.7397745599658234 1.0
0.13672773243321967 -0.3475838451472777 1.0
-0.05852307960271674 0.16695439488246455 1.0
0.8523072148664488 0.372125153600245 0.0
0.3893897354916187 0.19442774601245305 0.0
-0.36765766389411914 -0.2667182516156359 1.0
-0.37707933629899726 0.07492399485534729 1.0
0.6910510420807885 -0.04221045183695349 0.0
0.35743787864470966 -0.8004654829222773 0.0
-0.6249121175816812 0.579145793158095 0.0
0.7971043338833774 -0.6180289935568632 1.0
-0.6553894778325762 -0.9993676292833598 1.0
0.6907093319408062 -0.9665750341933688 1.0
0.002403279456187901 -0.881097381626545 1.0
0.9973137438890145 -0.14861345362426825 0.0
-0.5751778226004556 0.06932740106613156 1.0
0.4161329637730873 -0.9141409398138793 0.0
0.29742950061080453 0.5602708700167442 0.0
0.04381174430852619 0.7143325076110558 1.0
-0.33333084188307693 0.7878613697982264 1.0
0.6590191678401114 0.9741171333455272 0.0
-0.9450985552948923 0.8105183745302196 1.0
-0.675925148290504 -0.3200391915375995 1.0
0.8758066695186044 0.8020975893546016 0.0
-0.24843712383726246 -0.40357974736260616 1.0
-0.04576988396241788 -0.28975393705421526 0.0
0.9363225906941199 0.29962298484312333 0.0
-0.9548171626703874 0.001055376274612163 1.0
0.9827469059486411 0.9162622996687291 0.0
-0.6733470170716787 0.1820663054590521 1.0
-0.2219991998940356 0.11332787051612225 1.0
-0.10279984023965238 0.10677221935025494 1.0
0.4150251850850821 0.603486027238715 0.0
0.30481020469603615 0.12806317486058605 1.0
0.3496038750865418 -0.5915878954724685 1.0
-0.6885042177214777 -0.7116208139900408 1.0
-0.12840320707533293 -0.6147341278896432 0.0
0.7527143163917847 -0.3569693294759566 1.0
0.09378916057241704 -0.8002603086001092 1.0
-0.8255964716737776 0.9458512853091561 0.0
-0.3669237273340089 -0.01837120585206442 1.0
0.615031902925897 -0.6978104925350417 0.0
-0.3099962370375091 0.5213241962147974 0.0
0.8696677135190658 0.49576163851898425 0.0
-0.7106883853674961 -0.12343722539254043 0.0
-0.7478061969939978 -0.508777268678019 1.0
-0.24196433173943466 0.17281049609281474 1.0
0.1645283781533209 -0.009012196902998593 1.0
0.294667045582778 0.5520407082637397 0.0
-0.6538464905209347 -0.7074100219937465 1.0
-0.858365842201783 -0.4593511238870587 1.0
0.5331295903066369 -0.5167426942597249 1.0
0.5303299258726806 -0.19742862450919652 0.0
-0.052391343092819564 0.11377349701867345 1.0
0.8982375410812491 0.47787754136202065 0.0
-0.31639014608564997 -0.7265070329096122 1.0
-0.2702331068099184 -0.2037027256219146 0.0
-0.09606225786835809 -0.7532907587123199 0.0
-0.9759121399397555 0.5697451112940524 1.0
-0.5997178359148607 -0.9155418144258651 1.0
-0.4541696290783075 0.6096841834475115 1.0
0.5056282494602595 0.917039169803807 0.0
0.09083867901259168 -0.9507495327589197 1.0
0.7879173976166818 -0.3055954326783501 1.0
0.7361173947500612 0.0632551013964755 1.0
0.36138835173837425 -0.9454336376995975 1.0
0.889478059477284 -0.7773155122066948 0.0
-0.6384431728812252 -0.9597859281334042 1.0
0.9121952947684171 -0.19637960500541896 0.0
-0.832139028955786 0.9218287922283435 0.0
-0.9835631142626358 -0.042032456768101856 1.0
0.9256704314758182 0.015599430619014143 0.0
-0.06674049032060214 -0.6848032869300962 0.0
0.03557190204322658 0.582220445782031 0.0
0.7132988769901876 -0.4673831307345948 1.0
0.7283800083976584 0.7832269114893167 1.0
-0.7230923430976817 -0.2818744269077613 0.0
0.2907737449693537 -0.0220513366503845 0.0
0.005277527282647743 0.6706341903019217 0.0
-0.74489738159243 -0.6294710414384104 1.0
-0.21762684637411578 0.4877683463259721 0.0
-0.9319755170761801 0.06058229814929805 1.0
0.9586461606029852 -0.9375447193459858 0.0
-0.07858506409209687 0.2591445773810168 0.0
0.5316920033274783 -0.5222945501844585 1.0
0.9131291852372321 -0.03895488272550973 0.0
0.09162650739995315 0.26494760224275526 1.0
-0.24851488740552274 0.9807577143228317 0.0
-0.40013031470824467 0.6947355191019287 1.0
-0.30855294699797287 -0.5416763554230066 1.0
-0.523857054674375 -0.834565252154406 1.0
-0.8609938761204561 -0.8649639301791836 1.0
-0.42437088614899166 -0.00886664673793458 1.0
-0.07257102511590219 0.8993774078403225 0.0
0.3263460848766493 -0.7697281570074508 0.0
0.8489149556536346 -0.2675618273076219 0.0
0.22467362962506465 0.4317034386759888 0.0
0.7235221081565073 0.45759670088918725 0.0
-0.7581041768707042 0.009114271939365093 0.0
-0.8635977439182705 0.5083873795720957 0.0
0.3620410152382152 -0.005975060845285984 0.0
0.00937183774807604 0.7148118329202728 1.0
0.5322234666160928 -0.24592768346893878 0.0
-0.6332338569428784 0.8392882774502268 1.0
-0.30596119983750514 -0.5479595296916635 1.0
0.7887411793550843 -0.7124529615379422 1.0
-0.8508957486993309 -0.31357433082208375 1.0
0.6054240397820041 0.08567690939718875 0.0
-0.3545013727602444 -0.8838962981369773 1.0
-0.5400547602004664 -0.6959692968278728 1.0
0.7907572934170071 -0.5398387704708867 1.0
0.17878081311171035 -0.3328155627229368 1.0
-0.09305217137292132 0.9506644086814564 0.0
0.6255978328367264 0.6932533272284762 0.0
0.10398209234362588 -0.07948972906452223 1.0
0.4687632515072746 0.8012333307820156 0.0
-0.7275516966676596 -0.5802767587476698 1.0
0.09691128420793627 0.46107737095710055 0.0
0.8495934880832621 -0.2730324702048572 0.0
0.9668314251408507 -0.4008531145816592 0.0
0.02568352564930043 0.3441576624008216 0.0
-0.5380377341705256 -0.5138891951386173 1.0
-0.5380085562483143 0.8085544384932701 1.0
0.35380781760221747 -0.5821022289255893 1.0
0.5620470150745216 -0.34508689546264115 0.0
0.6826808530023496 -0.22601061391708033 0.0
-0.5111800859497506 -0.5919899710870038 1.0
-0.31368394585755843 -0.8754830398385955 1.0
0.6781309137535587 -0.22242823535324052 0.0
-0.14916788948915882 -0.22216066881723173 0.0
-0.9253878608690185 -0.22964102269655373 1.0
-0.34361782749884084 0.6383325344520416 1.0
-0.9007654066620947 0.42965738067166415 0.0
0.8664510710424784 -0.43172996634027205 1.0
0.013482569358091778 -0.36996371486071866 1.0
0.81614061203461 -0.35098990196551405 1.0
-0.862800336705319 0.5489351095980608 0.0
0.3077576509043183 -0.8522167811036554 0.0
0.4104828029487453 -0.3796385524889696 0.0
0.7052533420031943 0.30520261757823786 0.0
-0.7900011739281725 -0.4862906018213442 1.0
0.6490340435450774 -0.6923004423991557 0.0
-0.3411654179270216 0.09363321331030106 1.0
-0.4542357797067127 -0.19629006030417573 1.0
0.11788403025008698 0.33268031688040467 1.0
-0.855112369638418 -0.015744516384130547 0.0
0.9737695958106274 0.6071761778984266 0.0
-0.34695761097992617 -0.88715541440785 1.0
0.026940986994093974 -0.04635708078052447 0.0
0.2200814518061336 -0.4421693541074365 1.0
-0.21062442398163417 -0.9828144630232176 1.0
0.023866736279629208 0.7099202266472462 1.0
0.32951160849924066 0.03800250188011134 0.0
0.11763403211113177 0.6729080045781786 1.0
0.279227054025865 0.17221619915672415 1.0
0.20895164484007478 -0.8536889207538656 1.0
0.08827630533435005 0.34014552998023295 1.0
0.8148888861804755 0.3699798850782132 0.0
0.6092316420001131 0.07254526120214555 0.0
-0.42335315144508745 -0.49053263454325857 1.0
0.13254157827816493 0.9325946329155459 1.0
0.6644637400889346 0.3862448225051178 0.0
-0.960085468097815 0.10400987372711001 1.0
-0.0739187517006401 0.7535441359499437 0.0
0.5900762189627444 -0.10044666080066933 0.0
0.3831295862731936 0.9428619959436362 0.0
0.9080023071065231 0.13192135768079583 1.0
-0.32219470084242774 -0.1939654561589208 0.0
-0.5728293407635965 -0.5354050102983745 1.0
0.02405096384443728 -0.45876227727517804 1.0
0.3807100704269586 0.622969309119356 0.0
-0.29280593883198414 -0.9905583829508595 1.0
-0.7152510251530753 0.32273719357695185 0.0
0.4746626082113261 0.36308596125757653 0.0
0.0360409030005302 -0.6308044769530918 1.0
-0.19908068519673838 0.10538464117038981 1.0
-0.1366194533789622 0.14794945618140343 1.0
-0.6438077571341922 0.47236990595384243 0.0
0.024628719594573356 0.8765427476970986 0.0
0.6027903160635601 -0.5957494698372645 1.0
-0.2853826237896939 -0.47722444055670166 1.0
0.871119723765784 0.7910621992433409 0.0
0.5771811991237423 0.8001486717910067 0.0
-0.6346583350812822 0.26255625125168236 1.0
-0.7347275852038972 0.873649030163586 0.0
0.04911781521533287 -0.7958769975458688 1.0
-0.7614637501788324 0.6479818467697493 0.0
0.1684895938035409 -0.12709853994429787 0.0
0.9458752742962981 -0.6193438354942511 0.0
0.19828979727714158 -0.3262564797194567 1.0
0.5534260246921532 -0.251029308702984 0.0
0.7403731351819085 0.2660297602052457 1.0
-0.6293582055427867 -0.642288685769419 1.0
-0.053533100020584534 -0.8876251608439059 0.0
-0.6828496521046465 -0.12467789531691742 0.0
0.33976812964746683 -0.8027033896194495 0.0
-0.36180854861847744 0.2814529219877804 1.0
0.5054165685078729 0.16318496739785737 0.0
0.4339974934489266 -0.38454290636989974 0.0
0.5537960647336935 0.9590371141956864 0.0
0.4356213489633889 -0.7498347862485741 0.0
-0.7214278677715558 0.3995751480283276 0.0
-0.4579136625048572 0.3664658108445311 1.0
0.13714590079824918 -0.6181857376943132 1.0
0.037892179248949054 -0.9838634511752813 1.0
0.6454504432866628 0.008758398548336155 0.0
0.2124892140054604 0.3203631521163217 1.0
-0.22371119679749363 -0.45322550908820824 1.0
0.5766098943943927 -0.8668019578930715 0.0
-0.2584465383853132 -0.2936289077690628 0.0
-0.5069305080895117 -0.35370160888192426 1.0
-0.07913323350423629 0.6423941890439528 0.0
-0.36718638125507574 -0.7102825669738009 1.0
-0.20381940827108602 0.5072150091163361 0.0
0.8667108902877838 -0.8186227616523474 0.0
-0.3473892896963555 0.30159282510008434 1.0
-0.9195063837125459 -0.2859191741068938 1.0
0.6067008673323737 -0.47127867828944625 1.0
-0.21639200097795475 -0.9091005311375584 0.0
0.38849388863545764 0.359656601031489 0.0
-0.9888682306613232 0.31027178375657627 1.0
0.19852412240296036 -0.7743001110619152 1.0
0.7132258404406633 0.6587289022714953 0.0
-0.757185439722742 -0.10505623505841677 0.0
-0.9710052275059338 -0.5968987733814344 1.0
-0.7155225893479087 -0.07062581564752435 0.0
0.6873883209216063 -0.618025358335303 1.0
-0.3823565445105268 0.4502793632017448 0.0
0.7006784696850843 0.049021752093511006 1.0
0.9813057334485795 0.7076348126822527 0.0
0.2223190967811839 0.3207994964146368 1.0
0.6001534501844328 -0.026618343685870682 0.0
0.6143048082675822 -0.26130717577024165 0.0
-0.8191415424008153 -0.3117512779323326 1.0
-0.994587415619258 -0.6572500263564129 1.0
-0.9371001993923642 -0.8004568928648994 1.0
0.6216695509292582 0.718123891116679 0.0
-0.7725809248420374 0.909871697944161 0.0
-0.22646075988758918 -0.6300990469844807 1.0
0.2559199786363531 -0.2837511931205232 1.0
-0.6054046222334215 0.3063555755589964 1.0
0.8112403514786626 0.05842416224588187 1.0
-0.7807704841063745 -0.09518087101064832 0.0
