x y class
-0.26245472214757015 -0.9884008051922646 0.0
0.6675978882994511 -0.3409994466094943 1.0
0.9627112713256543 0.20449424942592231 0.0
0.3609881861651283 -0.54280879438193 0.0
0.3689785257874767 0.7672315343714005 1.0
-0.177645819578798 -0.3491067423569949 1.0
0.5331304265272445 0.4958673802242384 1.0
0.08321649961983546 0.7560979460681383 1.0
0.48498077618987634 0.8830328231595124 0.0
-0.8876365770496129 0.6496350435020577 0.0
0.66620174414851 -0.7613729163751648 0.0
-0.7688661254746001 -0.4197363672834624 1.0
0.3228031130982436 -0.45764048849235794 0.0
0.01351300446660586 0.012681802605734704 1.0
-0.92203459896285 0.9759333875392171 0.0
0.9162127128744217 -0.3942852923436009 0.0
0.5562642957729389 -0.09218073878280242 0.0
0.997695838034478 -0.3391607744948715 0.0
-0.42899366872518474 0.36058214897333096 0.0
-0.5884271330266879 0.10165531405839423 0.0
0.4412772834257779 0.7358594108572547 1.0
0.7548897662730447 -0.18140544112914037 1.0
0.9004995769487749 -0.9664376965921329 0.0
0.06747395410074941 0.4217876468633659 1.0
0.7224938816131854 0.9696128680969112 0.0
0.21123960266223496 0.5937185209627267 0.0
0.634536795657622 -0.29194345561633606 0.0
0.11840461079110809 0.5575121684468884 0.0
-0.7633586627717652 0.2041981293942179 1.0
-0.8171274254203706 -0.5170189445921496 0.0
0.7591492447354464 -0.9281738776304291 0.0
-0.421618828318272 -0.4844198569068334 0.0
-0.7583612423371477 0.8361540934972611 0.0
-0.2807904589013739 0.9206473641443962 0.0
0.5651828484520462 0.6094804827855855 1.0
0.8416314712342698 -0.7309915978165762 0.0
0.1696005392034461 0.7104222823557369 1.0
0.4622393999359222 0.7641434070091975 1.0
-0.9915158536419675 0.39261196517482366 0.0
-0.3525729895368279 0.08578925863821873 1.0
-0.6958745669735538 0.8054675689834516 0.0
-0.6955694786144255 0.5550842900109823 1.0
-0.8688826258344451 -0.07258732152352243 1.0
0.18908597655488624 0.7063166104564103 1.0
-0.3454855345576793 -0.2563049382152838 1.0
-0.3833372586315662 0.13883002696429103 1.0
-0.7823630532998025 -0.1504768762632953 1.0
-0.4593485222779021 -0.24062970268709294 1.0
0.8750456527548756 -0.3014238469213759 0.0
-0.3837745402403703 0.6692619826905357 1.0
0.7232193815686523 0.046446220153597784 1.0
0.9822131170612292 0.5328210421965058 0.0
-0.8791286622767325 -0.22378910095769733 0.0
0.6708689110615425 0.015705418477058197 0.0
0.6749399144812409 -0.5924782361016501 1.0
0.044883766891421484 -0.5159666675427974 1.0
-0.41510075119894596 -0.3169492490254391 1.0
-0.37109575815376283 0.014783006438656043 1.0
-0.9353823698770081 0.9544373818805929 0.0
-0.9171310331148403 -0.3080928443482054 0.0
0.21098507756879448 0.7346791924364591 1.0
0.05539507540614208 -0.19743812977823083 0.0
-0.9333622307827887 -0.8492829775109261 0.0
0.3042646830579807 0.7395107470231712 1.0
0.1045907786859055 -0.6721413938721756 0.0
-0.4630176703990183 -0.598008726412105 1.0
-0.12515481728278166 0.7307324473959347 1.0
-0.9717926762127662 -0.08652259419027253 0.0
0.20924874825590623 0.7028703489788859 1.0
0.4570721512267586 -0.4264672976223651 0.0
0.5285402149253398 0.02519915724802413 1.0
0.6151821970848776 -0.4631625426874171 1.0
0.1055232653601248 0.13640750114540134 1.0
-0.40208672018976976 -0.833028715859857 0.0
0.7188529536866877 -0.1112833384635683 1.0
-0.05126426974196874 -0.982102873696967 0.0
-0.6531303572067526 0.21534943100075177 0.0
-0.03638616320765409 0.4629577726242968 1.0
0.9839489934253354 0.35754543115379733 0.0
-0.7689558184523402 -0.3627276920425986 1.0
0.8629485209633068 -0.6549683318080042 0.0
-0.10400015271046836 0.03135022464175319 1.0
-0.7229517816994195 -0.9167112961531094 0.0
0.5548822571608558 0.24738477872254894 0.0
-0.28172416340439255 -0.17264466273480283 0.0
-0.6410307424069175 -0.5940938718331359 1.0
-0.3891655961213747 0.9536638920290943 0.0
-0.23864733864705978 0.768837378234251 1.0
-0.8926709723074258 0.12690130853464332 0.0
0.5224275570824484 0.5157675437710794 1.0
0.8122006536517152 -0.7779206014719082 0.0
0.3440052507022262 0.558612275413024 0.0
0.8404960740868865 0.4146843484028442 0.0
0.07055030046568733 -0.3195313313732464 0.0
-0.24946268434272256 0.2847414083502826 1.0
-0.3052158422110325 0.8894877160283894 0.0
0.8924030610371989 0.6256942277732758 0.0
0.5031249195580907 -0.7156832491991847 1.0
-0.8214981772885908 -0.20880708011229254 1.0
-0.7456992076678943 -0.7332232892227959 0.0
-0.9271748234412467 -0.46902502046281924 0.0
0.6915467612020325 -0.24013682076791265 1.0
0.41187365351646266 -0.32515640937382995 1.0
0.38110145377869187 -0.16390365904983994 1.0
-0.11677223673915105 -0.12146544015098826 1.0
-0.9682242648895236 0.1649295439208942 0.0
-0.7095241048981804 -0.572536917177026 0.0
-0.4203585520150914 -0.6499925658499719 1.0
0.25858654845089446 0.45527745620800175 1.0
0.8602807578056395 -0.3043074963472754 0.0
0.1763331849608225 -0.03129704359688823 1.0
0.7116637312484821 0.7386509429111903 0.0
-0.29246030070645346 0.6338012085772387 0.0
0.7028959005453483 0.8430979347847367 0.0
-0.14277352593460613 0.02264623728631876 1.0
-0.1279063684311399 -0.4234659343476097 1.0
-0.6638510958851438 0.09227462625288685 0.0
-0.10793635781015598 0.8193207266722942 1.0
-0.5671798289674916 -0.5700345314750028 1.0
0.14036781638179718 0.13089227846510632 0.0
-0.3361315321905438 0.45827807705510093 0.0
-0.9659540226404206 -0.4225031286501104 0.0
-0.4590055111621971 0.925455167067762 0.0
0.6238448753749939 0.1286017276858329 0.0
0.10594566412083473 -0.07092045443704587 1.0
0.396723883073554 0.22375580652748006 1.0
0.5262510092877257 0.5978970693394217 1.0
-0.10780075064045103 0.048969354815330934 1.0
-0.758352031490543 -0.8049674357925536 0.0
-0.6647912678218484 0.3718341611709286 1.0
0.4379219275685835 0.3272303363466671 0.0
-0.7091564702389357 -0.5101276979724989 1.0
-0.7753601057513697 0.10858541785590603 1.0
0.00805545400843033 -0.7867845502780464 1.0
-0.17171180028023514 -0.04511148220559669 1.0
0.24331854505575934 0.8033753933106136 1.0
-0.1680070071646318 0.7324306636679985 1.0
-0.9273637047532277 -0.8929576394689751 0.0
-0.4754824728550988 0.5369253579639506 0.0
-0.02832307195553363 -0.9014201999809355 0.0
0.9859649803645765 0.3227564666838503 0.0
-0.229274851948865 -0.9124920822585678 0.0
-0.22483957434687696 -0.7774045317873628 1.0
0.6169410320895798 0.8782533605408569 0.0
0.6664308176768572 -0.6821737210273542 0.0
0.5693761060852505 0.7012388655271664 0.0
-0.8239714424425411 0.4372332261344356 0.0
-0.10009183410138855 -0.838336434310543 1.0
0.2994461266108981 -0.2837279723316912 1.0
0.8834171181109542 0.7031130279050768 0.0
0.2365169760352719 0.2448568289886921 0.0
0.5351113318197998 -0.8446748755604598 0.0
-0.077035475714889 -0.06897116453183605 1.0
-0.40022545838258394 0.270468507951239 1.0
0.6042348337923535 -0.9142463676667645 0.0
-0.9861962173898018 0.8549266636524582 0.0
0.4761810096551755 -0.47252585921091717 0.0
-0.6259578356960198 0.514609383549677 1.0
-0.32795512876562194 0.35339165433780106 1.0
-0.4099185901203821 0.7353734204372706 1.0
-0.3591152970254088 -0.22901726689085877 1.0
-0.5497222021706143 0.6011477999125605 1.0
-0.6012952000380691 -0.4541832323575079 1.0
-0.1202410850870883 -0.9067287995846276 0.0
0.5269546340295328 0.5502744645819375 1.0
-0.4312394637358341 0.6753630623994253 1.0
-0.5618854301315523 -0.36602099522320874 0.0
0.5696665920789761 0.054819609819986015 0.0
0.36944162211124487 -0.04792457269371231 1.0
-0.7802909500784361 -0.16760676030265542 1.0
-0.2018359022810554 -0.9105468084149717 0.0
-0.8434229169952212 -0.9763912210657499 0.0
-0.8884214120379204 -0.9697255777496567 0.0
-0.5226104071572608 0.925851678799662 0.0
-0.6610748702362768 -0.33500435240294557 1.0
0.31785360682831976 -0.924875035739136 0.0
0.5673580436759966 -0.6974034149235737 1.0
0.10311038709459441 -0.0803462903789165 1.0
-0.6601489252562687 0.9462619462647237 0.0
0.8307415329768801 0.3256376264119569 1.0
0.41813023223600054 0.3381185858073714 1.0
-0.5542870616929552 -0.16910031573560858 0.0
-0.3467175733503478 -0.8280294561855457 1.0
0.8549839901326037 -0.10260662216760319 1.0
-0.44452001732633506 -0.5295964459571207 0.0
0.7742057631347254 -0.9117123388704029 0.0
0.5044240314573536 0.5161691857863444 1.0
-0.4572397636053418 -0.35404340797113587 0.0
-0.6320468034255802 0.5745810972717134 1.0
-0.2676120426412587 0.1504681922589337 0.0
0.819015554869281 0.6200247929250691 0.0
0.12644110595616342 -0.4335246854329522 1.0
-0.23860613653701934 0.995383422101755 0.0
0.7452029800741569 0.6506856118077748 0.0
0.7295845732319897 -0.48516826177240113 1.0
-0.7461953207385579 0.7109547494139588 0.0
0.8924526272139113 -0.31524966246760266 0.0
0.39867155903423845 0.15451672549675544 1.0
-0.33342130544501614 0.1380827424296922 1.0
0.8919289948576319 0.41291808273917163 0.0
0.39291247281823005 -0.2858372959495361 1.0
0.25380550589173034 -0.7794811403223731 1.0
0.6290502705716814 0.6241414292355727 1.0
-0.5059505581581583 -0.8868325239132837 0.0
0.8829626135574669 0.688818190126937 0.0
0.34948981899024534 -0.016004358628352033 0.0
0.8747871345502227 0.5099560778296142 0.0
0.06701078140268213 -0.5098736872120093 1.0
-0.38768639652877823 0.7280035932795816 1.0
-0.15397768538907708 -0.9666759171059169 0.0
-0.7543713539994397 -0.16590749168296992 1.0
0.78813413926458 -0.3484182456542595 1.0
-0.994860999400685 -0.355889212662323 0.0
-0.48333911486941505 -0.3595237302848562 0.0
-0.07154662526013356 -0.40562209800017723 1.0
-0.15994616403697237 -0.43457187650379936 1.0
-0.6470646088517971 -0.4485562089478703 1.0
-0.8926891959183851 0.13529616242493137 0.0
-0.28904946103029827 0.3829149807025216 1.0
0.03291874731130906 0.6720101845065796 0.0
0.8670732637321037 0.06787667982927958 1.0
-0.703601500928497 -0.8022173700013087 0.0
0.8228278484961227 -0.0837511337313317 1.0
-0.45118170554503445 0.5885729893127023 1.0
0.35414604795462323 0.9459970241080049 0.0
-0.9800434468297885 0.725996348485282 0.0
-0.9709895881020749 -0.701826711673156 0.0
0.3651138682060171 -0.6586761688874307 1.0
0.3313850973229717 -0.5136017549210137 0.0
0.8114487164502935 -0.7928380313416306 0.0
0.17475056631444108 -0.5524423639997336 0.0
0.06337405677163566 0.005153828507832747 1.0
0.1981659019789901 -0.39729564800681394 1.0
-0.01581935811735713 -0.5575911597931644 0.0
0.2638246882280253 -0.25454360632959183 1.0
-0.1886675298166003 -0.2864044112089892 0.0
-0.8384606922157534 -0.19811526378996303 1.0
0.8031277771610186 -0.4835086675775804 0.0
0.44014063439119666 -0.043344902730010126 1.0
-0.8993319755325044 -0.8507700356315464 0.0
-0.79727245506708 -0.8030193049908485 0.0
0.04731091044117153 -0.4426139694193678 1.0
0.5757592275278707 -0.9096496820194719 0.0
0.47142713141919934 -0.5428101034141359 0.0
-0.7987634265598114 -0.4287668340073718 0.0
-0.2319942856584496 0.21447891896573124 0.0
-0.5540486937709308 0.06944691980622641 0.0
0.9304231174634534 -0.6986159173094189 0.0
-0.8210646226620761 -0.6307773304759716 0.0
-0.8937962249287918 -0.8265274761207806 0.0
-0.22083783001422508 0.23169235776685304 0.0
0.735251760030033 0.20142327950611572 1.0
-0.03439196594275229 0.00404969421777035 1.0
0.547401894914153 0.8966675153928474 0.0
0.2987381834407581 0.8553219427150074 0.0
0.561398957810068 -0.5758753013285343 1.0
-0.19885553613901563 -0.08501145224120599 0.0
-0.8374679715032161 0.1738821627107332 1.0
0.006419063394824898 0.4423312417724685 1.0
-0.09165455171788262 0.4181357379621611 1.0
-0.25170916626202966 0.2872836754757253 1.0
-0.8972567431248835 -0.527469146492811 0.0
-0.08373446296893206 0.7690109021955247 1.0
-0.8667633834578732 -0.26393634946382805 0.0
-0.2420124287160017 -0.36969699622478425 1.0
0.06378662452759287 0.2298150529248757 0.0
-0.30500109141292864 -0.3184181792175589 1.0
-0.6682673674661974 -0.6990326389232575 0.0
0.5319284923485277 0.11139221633507912 0.0
-0.2822366441229396 0.9201821086141166 0.0
-0.9156588414207287 0.17934940213379003 0.0
0.7547433477016667 0.05322925997148498 1.0
-0.20010928524303462 -0.37308987534167515 1.0
0.8258220426563139 0.7155202910599727 0.0
-0.9195039727867378 -0.9568660678393401 0.0
0.25684763715225767 -0.7544782512739032 1.0
-0.7873814049495451 0.4574802990510085 0.0
-0.333870462406499 0.3048209557326309 1.0
-0.5991369605192207 0.4449243824803717 1.0
0.7323470296194445 -0.8367373274983914 0.0
0.47361090169738596 0.11564006205251132 1.0
-0.014370470037717853 0.592526342741553 0.0
-0.23855053698275452 0.4396551055030946 1.0
0.8771427879395706 0.7023168641982618 0.0
-0.42444071269603834 0.9847834621941245 0.0
0.2647190754581332 0.46740966955052965 1.0
-0.4756825164221563 0.6231488742397495 1.0
-0.2529027978151117 -0.9277904747067642 0.0
0.9645572390519217 0.299521688118519 0.0
0.2401338276083358 0.6375625332022383 0.0
-0.9759655097626572 0.2986409568555848 0.0
0.8155114922931956 0.19857076888700553 1.0
0.012282823856089475 -0.06520275634173367 1.0
0.046857554617568464 0.42998959476429954 1.0
0.2985467930484653 -0.1467406481097222 0.0
0.0344804430604706 -0.7574344240736908 1.0
0.7669423334272198 0.09862655571674384 1.0
-0.8187652440397946 -0.42292457684481777 0.0
0.39934470158140445 -0.6913272265890018 1.0
-0.5711596971749469 -0.5731430797491213 1.0
-0.9220151404320895 0.8034021917025094 0.0
0.642018273328308 0.545985010414668 1.0
-0.3690679809689661 -0.12889637334686177 1.0
0.9932790615645117 -0.823963412926169 0.0
-0.6633553143167681 0.7159122530720037 0.0
-0.2286659872793675 -0.6953485622481601 1.0
0.9596958848621842 0.09419547908734494 0.0
-0.1515256443877746 0.47118537768059965 1.0
-0.19227520779536555 -0.6893177556741443 0.0
-0.8891690604152627 -0.1135611639618963 1.0
0.8332120761204511 -0.7175547253432588 0.0
-0.3641878509225729 0.7996335028905153 1.0
0.9082177487788956 -0.4566587475047732 0.0
0.8381085616167478 -0.9292263117571453 0.0
-0.505675636322303 -0.9987032503568058 0.0
-0.3954581911234032 0.13462241879684478 1.0
0.4569456289137239 -0.4177494126177401 0.0
-0.703099250479067 0.7202842249318886 0.0
0.24468256026648416 0.6219010088409518 0.0
0.050418324259991154 0.4009226449541563 1.0
-0.26842945675762286 0.5578764411880712 0.0
-0.9889318572213761 0.8185242308364897 0.0
0.9759350291515696 -0.8567486516975222 0.0
-0.9252659982418328 0.22950777549400936 0.0
-0.18240332545261406 0.4258084160891489 1.0
0.945267406493276 0.6930736249784228 0.0
-0.42901879859495184 -0.855477611416992 0.0
0.18420659639009251 0.7733721149435531 1.0
-0.9622323473872583 0.5874968121008288 0.0
-0.8764068057710539 -0.5733147327063035 0.0
-0.5433106181236467 0.8733953252241753 0.0
-0.12332560504390622 0.3818505741449385 1.0
-0.6021409277438199 0.8958587367069086 0.0
-0.07063661256520426 0.045600734340933036 1.0
0.8638553849984494 -0.3863661713863029 0.0
0.6598069258000747 0.1720964103325351 0.0
-0.2790554304441968 -0.6953954481536304 1.0
-0.44321257360510624 0.8748489782736832 0.0
0.6190215115758984 -0.8891436634014216 0.0
-0.7436393759162956 -0.5104646836870887 0.0
0.9297612798533699 0.5042828463152347 0.0
-0.4486186376179444 0.3495857788698977 0.0
-0.2880506188723351 0.3666472909974101 1.0
0.3094888245380307 0.4729597185989105 0.0
-0.9775364466794354 -0.5587537369805877 0.0
0.2643540724715827 -0.48698899935760576 0.0
-0.6716162798963254 0.6821504654769799 0.0
-0.9619100096966273 0.7291878726519452 0.0
-0.8024179660687241 0.795170729242012 0.0
-0.34127722643423275 0.6427984307775514 1.0
-0.18050533524177248 0.006004509650889611 0.0
-0.10768244778867775 -0.11931493295183637 1.0
-0.1579722006245483 -0.6866902492660205 0.0
0.5649214318556115 -0.29608506251761635 0.0
-0.9945028083892844 -0.32281372266017705 0.0
0.6206039542313138 0.8019469207912564 0.0
-0.47619378223450526 0.23714515325401475 1.0
0.41307920362679695 -0.8973927607969279 0.0
0.8645279978597635 0.8339441222999804 0.0
-0.4445507777598625 -0.3204361793852424 0.0
0.5331426558373664 0.23086562099746466 0.0
-0.6055667077994455 0.9586691188546936 0.0
0.9652527561381068 -0.02398534493155413 0.0
-0.8065621251983717 0.6964066345812234 0.0
0.9577910098407387 0.24773223773460917 0.0
0.6489899881509644 -0.5081007638594839 1.0
-0.4264085722239519 -0.16583921274292335 1.0
0.7655449508624701 0.9632256118859361 0.0
0.9890337757196166 -0.4759939401308473 0.0
0.9508744930734294 -0.08690977323730475 0.0
-0.8142148170930958 0.4480502047234247 0.0
-0.6169847072131411 0.5812900178382994 1.0
0.29012827277333364 0.6023951217460559 0.0
0.38571929929491744 -0.19936042132477816 1.0
-0.3760769277720859 0.818276293092316 0.0
-0.20658187974326636 -0.5459141249839254 0.0
0.3056244342434806 0.42422919434479645 1.0
0.015301526612372829 -0.519254948155035 1.0
-0.8939825526957104 0.4273888681492213 0.0
0.5089239048267853 -0.4384195221919083 0.0
-0.6414598341089859 0.42334019874641116 1.0
0.04997544199297743 0.791876058651495 1.0
0.9031895380333648 -0.5559624954242348 0.0
-0.6229711955847939 -0.40007474371711704 1.0
0.5253090442846138 -0.3261939817204209 0.0
-0.37788035230299477 0.03047161691775191 1.0
0.18598690298386744 -0.553308375086927 0.0
-0.9830928173816282 -0.566947947073509 0.0
0.861189019450272 0.28413486558355894 0.0
-0.2865902566811289 0.8795830043798867 0.0
-0.8040133724858463 -0.1198801062460848 1.0
-0.5247965213115131 0.3469802578678769 0.0
-0.5292735924104321 -0.07840113126778081 1.0
-0.6022320820900691 0.7574622239358464 0.0
-0.8427848672299603 0.08804825143967498 1.0
0.048285800427294356 0.7517184903537251 1.0
-0.6456649273525665 0.532076817634161 1.0
-0.48017630304408687 -0.902122419995586 0.0
0.6052966622919098 -0.7700436805191957 0.0
-0.5744187801611134 0.02321162618265027 0.0
-0.7809252884985058 -0.36821586874159973 1.0
0.2001471182450909 -0.3578756042815694 1.0
-0.8224021204192837 0.3744183887349777 0.0
-0.6767291163301186 0.44431709389046636 1.0
0.9751237864829583 -0.8960348338347026 0.0
-0.3613506194676439 -0.4898225667368885 0.0
-0.9648823857111286 -0.29865343767689456 0.0
0.7662893264644182 -0.9565433187916619 0.0
0.3935876912913614 0.2950292696661656 1.0
0.10410457231492543 0.29733243100671136 0.0
-0.6421947871469522 -0.975416297201001 0.0
-0.5684617779377557 0.30914904605113325 0.0
0.018740033117532473 -0.6536538900777018 0.0
0.46988246631895514 -0.8353429792644829 0.0
-0.8007549697091598 -0.7162276220412196 0.0
0.5958492334772367 0.8198231954241353 0.0
0.5711765521813807 0.06943019433884778 0.0
0.13911235452005744 -0.9304609827451022 0.0
-0.23198733140711636 -0.8085038711685311 1.0
-0.5913449283383552 0.5318607614468707 1.0
-0.8446944397052876 -0.4814540797117868 0.0
0.3186528224463463 0.8287044324830879 1.0
0.7455085073120649 0.05746205830636142 1.0
-0.26534037537178756 0.30263668576811265 1.0
0.4339005179015414 0.7206764781273667 1.0
-0.938074608771907 -0.5908525337491213 0.0
-0.6140168601771849 -0.6279701374518387 1.0
0.3263495981117106 -0.19904643660698795 1.0
0.7448244462208289 -0.4722373936772555 1.0
0.7165803634491084 0.2509397073014197 1.0
0.5488684828372119 0.7825046723877107 0.0
0.24603423234865196 0.36185260784740003 1.0
0.939834763725439 -0.8252611377116681 0.0
0.6384030102248917 -0.9060948463702101 0.0
-0.4661448474527532 -0.6129535624235003 1.0
-0.5755841837043951 -0.8083191007047608 0.0
0.6101676393128603 0.37306907929911315 0.0
0.9777180316231511 -0.11035686751424434 0.0
0.11804446837309901 0.018428877271669197 1.0
0.08485427680369995 -0.9124157113276266 0.0
0.4827086538062857 0.5423819418468951 1.0
0.10027473063254444 0.13386613650612333 1.0
0.5229697396579953 0.41094261529675546 0.0
-0.7478780844746038 0.36606594314132757 1.0
0.8526365162463454 0.7103899043740163 0.0
0.592341240754259 0.5781985150343725 1.0
-0.7336072930641402 0.1265041157374549 1.0
0.08948239996959884 0.6753377188842404 0.0
0.8992826785471573 -0.6133515179368703 0.0
0.05789587231982596 0.9455757074392903 0.0
-0.9573542588752468 -0.24054091968240554 0.0
0.7882330913458298 0.6029823427953482 0.0
0.9905081663433588 -0.9144607932503976 0.0
-0.4177608669862025 0.07568260689785866 1.0
0.3110125250935649 0.5182923318610493 0.0
-0.9523644312236144 0.8341206495014726 0.0
0.0419994297408528 -0.7966092924913883 1.0
-0.13755462043525246 -0.5531834710859889 0.0
0.17557279905179013 0.9558569656510385 0.0
-0.4468763285006383 -0.42089956787768146 0.0
-0.7240702632737819 0.8137115618054405 0.0
0.9517743026474925 -0.9167595898741094 0.0
-0.5650386317812084 -0.961916694410007 0.0
-0.12925038901321062 0.9931156065445923 0.0
0.35841186077613507 0.6606478447902335 1.0
-0.40239944041816744 -0.06031204043445282 1.0
-0.614802017287492 0.051683889149816364 0.0
0.8893301115234484 -0.4839577895485909 0.0
0.8001465011751441 0.0004430080663000435 1.0
-0.7312033218692013 0.35026120616660017 1.0
0.6782343917547942 -0.3470818510239799 1.0
0.4502831162181382 -0.3836261158437164 0.0
-0.44923478467010236 0.8287248206058129 0.0
0.5085397571484984 -0.5867525089900258 1.0
-0.08837129533997112 -0.5030903110632439 1.0
0.3248255739098196 -0.6267159673789944 0.0
-0.38733628368952067 -0.8113849134413991 1.0
0.5253219916196272 -0.054466214194847984 1.0
-0.5000750974962673 0.11539116793380155 1.0
-0.474508298710121 -0.666341220055803 1.0
-0.4741451642706531 -0.26132187017555997 0.0
-0.4887697971059286 -0.44262506665822654 0.0
-0.24122037729184465 -0.9558008932705204 0.0
-0.7156132243378261 0.11877191234688289 1.0
-0.604179007689488 -0.17630223137892354 0.0
0.6436977121067142 0.7413886140014436 0.0
0.5519393836208204 -0.24969220803008096 0.0
-0.45424164613695006 0.36908989810628245 0.0
-0.6705568754645765 -0.14972627737639632 0.0
0.9661888630849924 0.9950939520319453 0.0
0.29865752262345113 -0.9731841662930798 0.0
-0.05891049692853856 0.1450358944445438 1.0
0.8050531369270022 -0.7099805023066554 0.0
0.14999567181979834 0.6805934636435282 0.0
-0.5356540151629248 0.989343277328506 0.0
-0.34344024082649516 -0.3292546012666884 1.0
0.5783190044986426 0.41363652994069566 0.0
-0.7790755821210702 0.04068611918463794 1.0
0.3826179495638051 0.428531739515458 0.0
0.9239207642890765 0.6411558069605143 0.0
-0.1852787053676288 -0.9259660269054248 0.0
0.13223788361600497 0.7373527976990122 1.0
-0.7024129864238218 0.3163431942296189 1.0
-0.31220935021377483 0.28113293592581634 1.0
0.46694367479188204 -0.5649619446699174 1.0
-0.7492107390726623 0.20613066998904706 1.0
0.24422477356248518 0.522020283374554 0.0
-0.05328034313749819 0.9529003017268551 0.0
0.5195243179147822 -0.30456135976701537 0.0
-0.8896363622532277 -0.6429656739650511 0.0
-0.45164876679912846 0.3401658447235756 0.0
-0.3979252659360599 -0.30617274498457214 1.0
-0.07446724802053839 -0.07674970488936683 1.0
-0.4711888844802863 -0.9331096224992363 0.0
-0.6154895895801633 -0.19456949943349566 0.0
0.9572755840784131 0.38971965224151917 0.0
-0.46213319530338626 -0.3679206796141472 0.0
-0.035128717515991115 -0.7432792622650914 1.0
0.09911670474844358 -0.28185377265017064 0.0
0.0542532755582843 0.9148717741599413 0.0
0.5775014259502491 0.9403109256507998 0.0
-0.21079685427879036 -0.6072761251455268 0.0
-0.9176004473370134 -0.18330304729594937 0.0
-0.9075450061220156 0.3944472732229598 0.0
0.9519771806522694 0.7236995717101635 0.0
0.06358887954154602 -0.9788436859748622 0.0
-0.931834893694973 -0.5818689044447798 0.0
-0.908887638960814 -0.04434567112002252 0.0
-0.6763227016911646 -0.9374793430362331 0.0
-0.43958772867771745 0.3029574123015657 1.0
-0.23217043267814463 0.06639477725512632 0.0
0.7434855715646056 -0.9766700746175803 0.0
-0.28696672073919705 0.2080960971196828 0.0
-0.6581551531826151 0.4748378534548854 1.0
-0.25920533560655956 0.657039883031268 0.0
0.4647724276804821 0.510059778008479 0.0
-0.24793801956052586 0.6125046513598751 0.0
-0.39061158052782896 0.4093752582457104 0.0
0.5850003412804696 -0.5694984856342102 1.0
-0.5234843376843679 -0.4352624275706869 0.0
-0.13244199867974316 0.3524294558161025 1.0
0.8337403013371787 -0.8630715611519946 0.0
-0.923811332815917 -0.6321139650425034 0.0
-0.09299284002072272 0.7520827271611961 1.0
-0.11493178812785021 0.02734067434145504 1.0
-0.25070362841837124 0.33286513229769965 1.0
-0.48873120083436095 -0.7639251523564223 0.0
-0.4876242662438508 -0.9749044389506851 0.0
0.5637768659039981 0.24966491242241662 0.0
-0.15017858932643713 -0.12863519505078935 0.0
-0.09354596322492603 0.664029905771033 0.0
-0.6025928945885854 -0.4890874540119552 1.0
0.16261320741266938 -0.21380711933127072 0.0
-0.9626795080255417 -0.06118703366157652 0.0
0.27368813864237307 0.4739502396243316 0.0
-0.6255447730564245 0.8607308393258668 0.0
0.10982618612730066 0.41590105297825053 1.0
-0.6850174963371409 -0.9694853508077554 0.0
-0.7257272367258019 0.4564694853877236 1.0
-0.3297151356446142 0.5911648655635584 0.0
0.7359598830072152 -0.17190224469068638 1.0
-0.4472863466462391 0.01190362267840972 1.0
-0.607696815413235 0.39399233110564724 1.0
-0.6286482786382497 -0.6370111139344128 1.0
-0.6097024086571377 -0.6856476862448868 0.0
0.4946823427213336 -0.6302175137329398 1.0
-0.9205108631303647 -0.6704732322769995 0.0
-0.5538035627694469 0.5873685978421865 1.0
-0.8593580805879388 0.3884041797461293 0.0
0.7867769921673506 -0.3618467732962265 1.0
0.17779714614280895 0.0508444191976094 0.0
-0.7783110738635506 -0.8723464319153056 0.0
0.6391645482753854 -0.8521139420685464 0.0
0.8744275458453104 -0.7660606108184611 0.0
0.0923327497300368 -0.6273043442541373 0.0
0.5716079290227469 0.07724325485055861 0.0
-0.43895394617510197 0.007034712432132606 1.0
0.3393714711652418 0.7602931721522714 1.0
0.6434097833007821 0.11918688133953803 0.0
0.10054244061221396 -0.37388639804028756 1.0
0.655998788303773 0.8402773088391591 0.0
-0.6587744078062148 0.6850363949135638 0.0
0.5867230476340628 -0.34592589364736215 0.0
0.4869767661340556 -0.14193964119517632 1.0
-0.290718149208784 -0.4180784308974932 1.0
-0.6068239901014432 0.5977457682085383 1.0
0.5976404642420909 -0.9076547524903833 0.0
0.21658820586367145 -0.983850217052441 0.0
0.8379099369457508 -0.09623226631126647 1.0
-0.19794244743873013 0.3631971680215833 1.0
0.3250623975495843 0.4465865760807355 0.0
-0.15110874210497927 0.43643042605055693 1.0
-0.22578925555117646 -0.7977568802349451 1.0
-0.8820597330645676 -0.23850510813594994 0.0
-0.17319837261136284 0.03312177346845635 1.0
-0.9179411757149287 -0.05467167859682198 0.0
0.02418494083830991 -0.19351096325427286 0.0
0.31658103756553135 -0.21675397753772874 1.0
-0.7703858815072111 -3.949113969903273e-05 1.0
-0.6286651071628717 -0.4504200838565948 1.0
0.9218445114310638 0.11250916444438763 0.0
-0.7195505470750068 0.3555575506872879 1.0
0.9062079367011584 0.7265240314479184 0.0
0.5352182773590324 -0.18145495851649485 0.0
-0.8884138334368932 -0.08646851585769166 1.0
-0.6080617590668589 0.9582615231431488 0.0
0.18825017055979676 -0.5646026037684924 0.0
-0.8389198486004015 -0.8048263071036796 0.0
-0.6482755315378435 -0.8861428169922647 0.0
-0.13954833092285845 0.23216736890550993 0.0
-0.18182070801182904 0.4667494006578312 1.0
0.5829430892898033 -0.34600306389721935 0.0
0.7767590561142768 -0.9801386725635497 0.0
-0.53597273474645 -0.619290108412961 1.0
-0.18051341343023464 0.17148604225779707 0.0
-0.11827178706208485 -0.19973607408024474 0.0
0.10034170652239105 -0.31808420963298345 0.0
0.6496596691416148 0.0033595073842622725 0.0
-0.9755555439660237 -0.03546299073097159 0.0
-0.680039918910462 -0.6188476569943229 0.0
-0.9023757177923095 -0.7662611948077971 0.0
0.5223498386539671 0.24482714127343375 0.0
0.6507375513740639 0.044808326930931175 0.0
0.4961898164668732 -0.17027679475525126 1.0
0.6843673809804354 0.9284355952606695 0.0
0.6423398061883052 0.19879570539280067 0.0
0.40725548981244475 0.27733881788218295 1.0
-0.8052873768469531 0.9919282767328099 0.0
0.16575363667840715 -0.49586226725633487 1.0
-0.3657326893249526 0.532059978959575 0.0
0.633905423956437 -0.6126182162851128 1.0
0.01863881821957092 -0.3460331429256778 0.0
0.4048039767520475 -0.040701846148899934 1.0
-0.4928683925452677 0.20974232101363532 1.0
0.140101103753969 -0.21068644394640912 0.0
-0.0819808251335652 -0.2479920261951425 0.0
-0.994997477461502 -0.7729894435127838 0.0
0.16694700877383384 0.1740514299886815 0.0
-0.0645077631604638 0.6597101890663042 0.0
0.25197032984086243 0.8151142374069951 1.0
-0.1748174777806384 0.437396679804954 1.0
-0.2994589533173522 0.6563287800593782 1.0
0.8071140941318451 -0.6399178851908267 0.0
0.5388745672615536 0.27237955057988716 0.0
-0.8732164196888919 0.079684022206026 1.0
0.2484155368410743 -0.2871689080253599 1.0
0.3953256290817395 -0.07142645641859424 1.0
0.40968009078285794 -0.4085633144737666 0.0
0.28453745874154746 0.7638405657553125 1.0
-0.35182102459206277 0.7942498527218982 1.0
-0.18849117071097488 0.41430815482890004 1.0
-0.11566035160452093 0.9745135637893585 0.0
0.058204709916514386 -0.347327807570176 0.0
0.5029437959461396 -0.12314121552118018 1.0
0.016311127976952333 0.17249567322014792 1.0
-0.07549456923653941 0.9610787938675147 0.0
0.9521771189401764 -0.8336404648050488 0.0
0.4605845174597305 0.10164976576311346 1.0
-0.3075054418977119 0.8418834976095253 1.0
-0.4367922731285565 -0.3865567800276084 0.0
0.9274697464044028 -0.21795576906191072 0.0
-0.6549126360518482 -0.43113231206968394 1.0
0.5245947000603093 -0.7175695424067134 1.0
-0.5224722333711667 0.28603231646547433 0.0
-0.5351826370341555 0.15313734980980187 0.0
-0.18393795209233854 -0.0048549158833886 0.0
-0.9813842902880046 -0.9488982420013554 0.0
0.3563665927939037 -0.8356830131586042 0.0
0.7480786106573516 0.7350211699132563 0.0
-0.5135011380520185 0.5767862167589679 1.0
0.4674468149422071 -0.12086084504159778 1.0
-0.06413784432059422 -0.9313504851743453 0.0
-0.567598246747651 -0.8411765816587049 0.0
-0.33954244599786154 0.8863735244281012 0.0
-0.7867629632300439 -0.23652970666620998 1.0
-0.7233242621214617 -0.07518442334751829 1.0
0.3056697199844771 0.7229767390930688 1.0
0.16105499514276067 0.6421554664325229 0.0
0.6698138599896744 -0.809474424220213 0.0
-0.006809006206727419 -0.9812288335551098 0.0
-0.12787290888538183 -0.9974092606447276 0.0
0.46946369574164537 -0.9290183844120945 0.0
-0.47345098491667015 -0.06692935630699282 1.0
0.3530448407793296 -0.2375240807205068 1.0
0.3601234203247834 0.027479736760382956 1.0
-0.22240756401795503 0.12576648623504383 0.0
-0.8694462381592729 -0.4998880224780733 0.0
-0.9828284774592153 -0.36767488331673404 0.0
-0.4342591496339585 -0.7122547013585652 1.0
-0.7055694227434062 -0.2958942144350374 1.0
0.6647227144073085 -0.38229635070427315 1.0
-0.4874866875487478 -0.1023467712650099 1.0
0.5847267027685688 -0.17409172136318496 0.0
-0.3864170395641049 -0.851376094029533 0.0
0.6827077263911483 -0.030311415401911512 0.0
0.1596640901475388 -0.06413673827214161 1.0
0.3656793061909003 0.8258722624051833 0.0
0.02871926470515196 -0.0815377661022143 1.0
-0.39523478858268724 -0.9475294891416912 0.0
-0.10107875364306107 0.05939288351419236 1.0
0.31782444903718754 -0.7303922214971228 1.0
-0.5178485743922521 0.9729066786135556 0.0
-0.7702157645469851 -0.5428313391474409 0.0
-0.027849523084739536 -0.7133721387897434 0.0
-0.27373673774368346 -0.25136694040823304 1.0
0.47339204236802424 -0.03492184797100406 1.0
-0.7112396325535599 0.7079697777233811 0.0
-0.4470828706656562 0.9360579070867088 0.0
-0.9944243798574885 0.526869586874082 0.0
0.17751867562218893 -0.11456809031679849 0.0
-0.4253067416126559 -0.902564608126557 0.0
0.3920255705794349 -0.971800487577221 0.0
0.2961068723641158 0.47774858088326244 0.0
-0.005395154003236868 -0.5251913149882248 1.0
-0.7439522285238633 0.43954540850589696 1.0
-0.7153517756115217 -0.5158050043608666 1.0
-0.23297119593817173 0.6072170242734145 0.0
-0.1620101219930581 -0.5180723398948754 0.0
-0.79627502457404 -0.768214303225851 0.0
0.9944828509882682 -0.7216954790506649 0.0
0.16150905137801175 -0.5734554287317395 0.0
0.5968687143779017 -0.6884329108349074 0.0
0.9702317191572587 0.7050187837305351 0.0
-0.2348242133077414 0.49988454134396076 0.0
-0.14697880233257288 0.6823091504601373 0.0
0.8713165549427582 0.2079592602342668 1.0
-0.6286882789515453 0.7720635716664932 0.0
-0.14398476463050747 0.7307054678884406 1.0
-0.04970130179561738 -0.9825445724742239 0.0
-0.08560249834349043 -0.7168468837975397 1.0
-0.32120615634026284 -0.7743498980604371 1.0
0.6801706567529515 0.9411636489060449 0.0
-0.3116664106408704 -0.32642064906446144 1.0
-0.5553299485365226 -0.4241535280118558 0.0
0.8137403769090545 -0.1336687361533746 1.0
-0.28789612808924536 -0.7680678540368664 1.0
0.7354966431883498 0.05523340812783695 1.0
0.9179313639082556 -0.9004790031945 0.0
-0.8437121569557267 -0.8021803125046751 0.0
0.8447742776217173 -0.8850550334980671 0.0
0.5585399888156182 0.729631533422018 0.0
0.5762615137071927 -0.7671571547385418 0.0
-0.29459220527885166 -0.34426328996911093 1.0
0.49074107989981197 -0.1964624894848963 1.0
-0.13768449986600229 0.6420594428319653 0.0
-0.06141755689188799 0.7160876631299891 0.0
-0.46535505762095886 0.4727643750610724 0.0
-0.9897826264785752 0.5608565054412076 0.0
-0.5142344842986606 0.4641016548797674 0.0
-0.2799867845030952 -0.37278082938171386 1.0
-0.727040847710102 0.7120574667621327 0.0
0.13772529580599513 0.06324768287156313 1.0
-0.7802602046000531 0.9311203505886367 0.0
0.36905277439707906 0.49403453197885794 0.0
-0.9960619322337547 -0.6280546204067661 0.0
-0.7583335866046201 0.8428904410828157 0.0
0.3267173290635712 0.41479218463912426 1.0
0.9165749638249361 -0.628137821557418 0.0
0.27752037258019824 0.31949106460913335 1.0
-0.8466642396431467 -0.6790847542547371 0.0
-0.31998181167742556 0.7790753747691803 1.0
-0.019261440718083778 -0.5462685026951546 0.0
0.30060373023805353 -0.5650896006188129 0.0
-0.006006767490576603 0.9978213344870939 0.0
0.9821894991655471 0.07653980463028431 0.0
0.9380795247184961 0.5884641041722507 0.0
-0.37521776405411966 -0.37492388792064646 1.0
-0.8640760361318947 0.34403144484099224 0.0
-0.5321542077766293 -0.17820470960388102 0.0
0.49790583777632347 -0.4652307173267285 0.0
-0.4344740254041086 -0.29900567774008135 1.0
-0.15592865793998567 0.2689789105622158 0.0
-0.1567276335035377 -0.4943672356875619 1.0
0.6211785099128591 -0.7991850567068168 0.0
0.5251555969839683 0.7487196034392454 0.0
0.6684755996731062 0.6776024872661521 0.0
-0.12385567263481478 0.4507003808654657 1.0
-0.5356023184919276 0.6802456187700783 1.0
0.36040298273327687 0.048605149738707665 1.0
-0.37130446397597683 -0.7347345222090278 1.0
0.39598432544859175 -0.9245868841974509 0.0
-0.40215712184869856 0.6433573948658573 1.0
0.045267206419022266 0.02448493428972376 1.0
-0.5643895515133588 -0.3531836519368552 0.0
0.18418601906166332 -0.7979145598719359 1.0
0.4801604583149257 0.6399387114008275 1.0
-0.18272751523231623 -0.47092724980309186 1.0
-0.9889554059679964 0.6296318761785371 0.0
0.4040969301975035 0.9368010634997577 0.0
0.6464130092538789 0.2575610229103362 0.0
-0.6382066140231535 0.1875276280602114 0.0
0.8789888600965869 -0.7507168912345543 0.0
-0.6085298642735433 0.38061501050569024 0.0
0.4763409879859537 -0.15059120262134962 1.0
0.17555558297477147 -0.8488105175898446 1.0
0.8670105264977168 0.5623406770431174 0.0
-0.437380323531698 0.5923149465960951 1.0
-0.44929515225920347 0.5669395080187705 1.0
0.9515195858422758 0.0849475467525509 0.0
-0.7589132124003861 0.5244298304146793 0.0
-0.6017885920348669 0.22037516435851057 0.0
-0.8132292733858058 0.10017455082470472 1.0
-0.17350912373883287 -0.8458854472609927 1.0
0.0064591639446309745 -0.36971429342358975 1.0
0.06481423991558066 -0.29752913870875286 0.0
-0.671305200467512 -0.11941300429941193 0.0
-0.4825006798553304 0.11957628612039439 1.0
0.22451339158771266 -0.8109431217610816 1.0
-0.9247635148190956 -0.12525350531571444 0.0
-0.5247858094711879 0.12396995933967236 1.0
-0.9128008676996084 0.23644553269784585 0.0
-0.2792899252781642 0.07797945683940144 0.0
0.5283142241607459 0.14879560133798098 0.0
-0.09989383779206706 -0.6002110060078845 0.0
-0.7296771350634845 -0.5041237872686779 1.0
-0.5110238380944219 0.9751241803075132 0.0
0.5303251265603375 0.9131077394746938 0.0
0.5989561806606849 0.8010096810231548 0.0
-0.13897697534938502 0.5202564368971632 1.0
0.7410471869629549 0.7594914256798053 0.0
-0.31604087696977845 -0.9318182728831652 0.0
0.622947037479469 0.6812693979944819 0.0
-0.9459695096454175 -0.3862480545032463 0.0
0.6424015241322747 -0.22810556200101217 0.0
0.9652386088260325 0.06988276867788312 0.0
-0.3814779261729673 -0.8776067426520349 0.0
-0.10318015487087395 0.2854782518030903 0.0
0.9833731581614575 0.8173334429651653 0.0
-0.9512626320202451 -0.4991559794301328 0.0
-0.8477138450320871 -0.7079753852483197 0.0
-0.4615568054060659 0.14727252856876571 1.0
0.5806156064675023 0.13685515037707185 0.0
-0.1593351454599814 0.510080286458358 1.0
-0.4287176212814361 -0.6807723816822377 1.0
0.2855911858914286 -0.5133546507058881 0.0
-0.3764652796193553 0.14257300628998637 1.0
-0.8219773361446974 0.31659704826676704 1.0
0.2833626602023338 -0.42847664020008147 1.0
0.04827848564402948 -0.6986669163885697 0.0
-0.8399848211416765 0.38682662867836415 0.0
-0.499202593400514 -0.9153813675696925 0.0
-0.050112297602446176 0.86027832101167 1.0
0.1904877709807382 -0.21655218806117915 0.0
-0.6335295953918016 -0.1989334371021092 0.0
-0.25960596945487957 -0.26633353169582863 1.0
0.8990968229974179 -0.18008929331902834 0.0
0.758410567701147 0.4412597467789301 1.0
-0.6962357562227761 0.7705174362784113 0.0
-0.9361260558341844 -0.05231720407441043 0.0
0.2912997664180488 0.590859915830837 0.0
0.7901097121418494 0.4684149413770855 0.0
-0.905620576066956 0.13182881265362068 0.0
0.8528833475436894 -0.2588837027530497 1.0
0.30503411046491014 -0.7625380373837416 1.0
0.2437492644124899 0.8760330199855155 0.0
-0.5236662664503269 0.21078514013466676 0.0
0.9540600331439331 0.2107540868145812 0.0
0.7768378490734786 -0.06581041785537844 1.0
0.40642967327860813 -0.9661075300132047 0.0
0.22996593562298107 0.35121642327377134 1.0
-0.1470892288067136 -0.9216779388485985 0.0
0.21890506924740372 -0.041330486515462894 0.0
0.450389348727249 0.443194870008341 0.0
0.17984595854648666 -0.809472197526705 1.0
0.37494939437015384 0.014954489617044153 1.0
-0.08991379695837365 0.6360503416758478 0.0
0.3421316448828515 0.4972312742964464 0.0
-0.9592592652577123 0.5568723961060114 0.0
0.2732644278285934 0.1789707783811778 0.0
0.7395623959101132 -0.23091185514823653 1.0
0.42324415677309335 -0.09209344766368033 1.0
-0.7601486575245768 0.3270848054083426 1.0
0.703020422060189 -0.43084639279691217 1.0
-0.5915652389635258 0.20054936394957545 0.0
-0.23799622950201638 -0.23904418045412257 0.0
0.32649888305175434 0.794226483638127 1.0
-0.6232037123683398 0.9038373758990179 0.0
-0.8052234116673336 0.6752280937587767 0.0
0.8198462071650352 -0.3342234685609651 1.0
0.39763436589313095 -0.12736703212013523 1.0
-0.622071304255688 0.5657995112827621 1.0
0.5572100867700598 -0.9350636844270093 0.0
-0.04797021716152239 -0.41811820501099106 1.0
-0.5190614207341306 0.3654436100209957 0.0
0.7265613407609006 0.8799417721765972 0.0
-0.029658210662829365 0.2409301135829689 0.0
0.19418281809120574 -0.6098345210069303 0.0
0.8192035566940268 0.7818858825139352 0.0
0.2224957755162762 -0.15475399587339989 0.0
-0.1310185274604012 0.05221629312859122 1.0
0.4579235509871784 -0.8134346172790767 0.0
0.7170343843901339 -0.1606610428114743 1.0
-0.09926316640376998 0.2891427282314132 0.0
-0.28300618548168277 0.6958899323120591 1.0
-0.4824950496556155 -0.7117959123839415 1.0
0.3414206073503012 -0.05192468280878626 0.0
0.36411363208880765 0.27241535241231984 1.0
-0.730297331200978 0.01918771760665039 1.0
-0.02850217758899931 0.5293862561070615 1.0
-0.29131431543879027 0.7772595511837777 1.0
0.7203973597273003 -0.7434441669722047 0.0
0.7410153540421083 -0.33361844297734855 1.0
0.917930260071937 -0.9212852588737801 0.0
-0.48402221658626154 0.4487852489937669 0.0
0.30749285476724975 -0.17126564233196584 0.0
0.22535203685165728 -0.12258880131090621 0.0
0.5135558597741752 -0.4422387481773278 0.0
0.361370529504103 -0.25184134192993124 1.0
-0.11802194592739057 0.007363910587136369 1.0
-0.5043109775656696 -0.08511940356605163 1.0
-0.668504414524014 0.8108358711295249 0.0
-0.9624509659768958 -0.4125895258411718 0.0
-0.06194815973554402 -0.262662356463621 0.0
0.38828792004554047 -0.05208698332213779 1.0
0.45464757336063766 0.02176386228275451 1.0
0.29185055634032997 -0.1743400862772766 0.0
-0.08748123780007533 0.24189623433644236 0.0
0.0774251057707529 0.8886181670198783 1.0
-0.9587149574221354 -0.14207696947046533 0.0
0.13165168514394754 0.1342410298528438 0.0
0.04963436011417133 0.47019319102730495 1.0
0.9477851630343979 0.1264186801190077 0.0
-0.47468022163072 0.3671594407906442 0.0
0.2754573683798165 0.39501200840574135 1.0
-0.036840507018097934 -0.5335257605953159 1.0
-0.1727425020371809 -0.10627514395035709 0.0
-0.8570148027607212 0.5800501283648354 0.0
0.0019137656326149166 0.8422610553787133 1.0
0.5354662100076519 0.5521981273430394 1.0
-0.17975734403134935 0.9013674274296033 0.0
-0.6384602749079396 0.9656987812379147 0.0
0.20521911897304213 -0.20772051214285558 0.0
0.7314860094308244 0.7716439739732901 0.0
-0.9817895811286315 -0.060707109924900804 0.0
0.28850755337483536 -0.15716475409730513 0.0
-0.41060984231493913 -0.7468290273393303 1.0
0.2135768821707278 -0.48453314585394414 1.0
-0.7411221237762471 -0.9547739472114427 0.0
-0.04276547390119556 0.574396876506569 0.0
-0.06325822109866097 -0.49376258139781215 1.0
-0.9260783093212626 0.042198526432201344 0.0
-0.42306006954339925 -0.7700892722730099 1.0
0.5996078301922985 -0.4599794857950106 1.0
-0.39482778531165996 -0.891582780967817 0.0
0.22948051837559946 0.4006319945590737 1.0
0.3868127796435952 -0.396824032749471 0.0
0.6018790661442028 -0.14836171122206077 0.0
0.3275189694996459 -0.4969832497605655 0.0
-0.36275335559876787 -0.6154841127337982 0.0
-0.6007116474488639 -0.5272092652534017 1.0
0.056610859703272176 -0.1296795572892322 1.0
-0.3326322291112871 -0.4225318047247506 1.0
0.8534483723207349 0.35464574157229745 0.0
-0.32417809982955625 0.006046808576197771 0.0
0.266401461965204 0.16319715803874213 0.0
-0.29589097236049877 -0.7267823132535969 1.0
0.17885988121930474 -0.5038980609876229 1.0
0.42520739544244246 -0.8858279125682123 0.0
-0.5778174409749117 -0.9392201109507945 0.0
-0.1544945928821062 -0.12510583018460575 0.0
-0.5309069325847655 -0.2923639389206887 0.0
-0.9495540140729264 -0.8153718051733163 0.0
0.3453853717034181 0.9236761379376939 0.0
-0.06178038126447416 -0.10714080406920168 1.0
-0.6721800171810031 -0.5845151175682792 1.0
-0.32084448614014427 0.4541036987116762 0.0
-0.4331009891172184 0.8294238254902835 0.0
-0.06629794647132536 -0.5439157038964488 0.0
0.754343868902654 0.8213880519433336 0.0
-0.7029487593077646 0.232264362689935 1.0
0.9002708862918558 -0.03848998154185246 0.0
-0.2525620408996192 -0.31224670620186656 1.0
0.6308644939779013 0.29538545654288906 0.0
0.6625319114842767 0.917701712337418 0.0
-0.797048874829503 0.7611503751242934 0.0
-0.5735753602528986 -0.5218839311735943 1.0
-0.32516682690455645 -0.2867228320400028 1.0
-0.6892769901002345 -0.6909539191843452 0.0
0.6292700307822909 0.9646248681470528 0.0
-0.3482013681291791 0.050648705598017374 0.0
-0.4312074767803362 0.6562618246539624 1.0
0.5098506271417986 0.540329366093161 1.0
0.934462380785384 -0.8748524909981488 0.0
-0.8734780240578299 -0.6676688916556173 0.0
0.48962929092296315 -0.8105594346304976 0.0
0.837173613330733 -0.4814107990787264 0.0
-0.9030039841356341 -0.19659963012810389 0.0
0.7075295587603943 0.28901659088379317 1.0
0.22136296257557353 0.9600810574910976 0.0
-0.7069532003539878 -0.9877064857593882 0.0
0.4436770680148119 0.06433077486060435 1.0
0.6129642882837409 -0.8776883216937212 0.0
0.9424723687136602 -0.7740706867838398 0.0
-0.40075456638456175 0.7080147240189891 1.0
0.6505248171582132 -0.2291051194277498 0.0
0.3629475563074742 -0.6975644526579297 1.0
0.9540141001817186 0.7000593271884787 0.0
-0.6639819775728149 0.001955481031305384 0.0
0.7813679692571407 -0.14459117383236952 1.0
-0.18666219700203235 0.780546984139342 1.0
0.3850450776309189 -0.01935781426559391 1.0
-0.5900885842325014 0.9192608836173743 0.0
0.852531822675483 -0.5483164797377991 0.0
-0.7879496773035968 -0.3751675114335189 1.0
0.5706087908171502 0.44381571448279655 1.0
-0.9573929855957288 0.8159793373301307 0.0
0.187067576414073 -0.5202097392513534 0.0
-0.7899086078002036 -0.27939778678967486 1.0
-0.5397090857283207 -0.2855650136662631 0.0
-0.21487918682844964 0.5839063749835611 0.0
-0.992493041890987 0.23745277619566552 0.0
0.6580489585486635 -0.07828380580217198 0.0
-0.7505225550792805 0.27046496794914443 1.0
-0.33644632258167073 -0.15738077838500608 1.0
0.8849499289313016 0.6784751929113386 0.0
-0.06566687653633374 -0.6142721587723672 0.0
-0.6188426799472277 0.8412076531463315 0.0
-0.3313501827266965 0.22128273902271878 1.0
0.007229429048607017 -0.6062456630247359 0.0
-0.3519304950107611 0.29678575005263697 1.0
0.8818366758281293 0.9796558939784872 0.0
0.34457063931028276 -0.952833781685555 0.0
-0.053390063312269476 -0.024038109673035324 1.0
-0.2673936251953981 -0.28341475140665273 1.0
-0.11057622857748761 0.3428899615875227 1.0
-0.5046247632205045 -0.682303279736604 1.0
0.7746122727401832 0.990141908940612 0.0
0.5222254299503517 0.7296699354354539 1.0
0.3726316354942216 0.6485986956263465 1.0
0.8505549555285543 0.2599009442277782 1.0
-0.9300352130652441 -0.4172522416657476 0.0
0.7832549278845566 -0.46367634509956024 0.0
0.296595199480604 -0.947379043566152 0.0
0.18894339283298378 0.548051410282965 0.0
0.9983323944190021 -0.06241629908592272 0.0
-0.34907157812583267 0.05671392441501211 0.0
-0.7502058810495442 -0.012327952323828884 1.0
0.047287899754059115 -0.9724095878996724 0.0
0.42823519800413834 -0.2568830367040922 1.0
0.40077438417309086 0.35778768228932534 1.0
0.5551070635564943 0.27255370024483505 0.0
-0.6661905513157036 0.42113850026238486 1.0
-0.14862794890767494 0.011052815320272469 1.0
-0.14059612284792933 0.3970872671274772 1.0
0.6613537612551625 0.4190723019704832 1.0
0.7862883095865387 -0.22455261348574895 1.0
0.937515844428481 -0.4395087540636886 0.0
-0.10246236591817026 -0.6700347688320234 0.0
0.08542659751090431 0.687842477326009 0.0
0.6534688485936155 0.9910415708265734 0.0
0.5869511558841756 -0.03513913716759043 0.0
-0.30567166926791867 0.14998219178227146 0.0
-0.48467116718665904 -0.8658055771260089 0.0
-0.08097641704600012 -0.28624257167579925 0.0
0.2816732973649514 0.7988092847786501 1.0
0.595386048987383 0.9159966198575498 0.0
-0.37845154860732655 0.40199180137712176 0.0
-0.2545111327782834 0.8115317696200435 1.0
0.1895078545994049 0.4192398258329273 1.0
0.9250862328298566 0.3689949783323698 0.0
0.0461947322655889 0.27695385478856815 0.0
-0.15742695295050035 0.4599575147314692 1.0
0.6805822009338871 0.3334095628550504 1.0
0.6058424597654217 0.7405174452244225 0.0
0.8027383171998179 -0.8787303698691384 0.0
-0.5952956759919437 -0.13606559465639534 0.0
0.01173064161810955 0.06708844258117264 1.0
-0.9158051282561781 0.042047924385601565 0.0
-0.6240411391795875 -0.29820571425490017 0.0
0.9790848472098463 -0.1174034886529598 0.0
-0.7709394619602161 -0.5237687196905283 0.0
0.4295173058665749 -0.15841814343340888 1.0
-0.5647578857647295 -0.5629280318090408 1.0
-0.3094358602131788 -0.1660409535335663 0.0
0.1423392005420281 0.2940573577325041 0.0
-0.4234594929238362 -0.9808200862648362 0.0
-0.6423878698699501 -0.010301506245328884 0.0
-0.48498431599991876 -0.9803260143251784 0.0
0.9538952359545074 0.19592403072511977 0.0
0.6517366438354859 -0.29284883544299944 0.0
0.3709029175922638 -0.5456528663238576 0.0
0.14706672363209727 -0.6933087705080938 0.0
-0.7624280311225389 0.49347049949290467 0.0
0.14709301628068028 0.58170487328651 0.0
0.03045091288933599 -0.26039912133100396 0.0
0.6386001733377478 0.09045791813368864 0.0
0.7457112318569998 0.638946426797929 0.0
0.4709938781096865 0.8804223400375641 0.0
-0.004840529445068187 -0.26474597956614243 0.0
-0.6252534570281838 -0.9677934086791862 0.0
0.1793881026529649 -0.3000487242429424 0.0
0.16093174543485467 0.9622835381380204 0.0
-0.047046203292530286 -0.9724993779048607 0.0
0.39934887085181736 0.6512231308478509 1.0
-0.829099166397057 -0.5582303233572388 0.0
-0.47028208004824545 0.6986518240570678 1.0
0.5335926959667328 0.6847706596601946 1.0
-0.2594638131671618 -0.7165219916431336 1.0
0.46277055033538605 -0.28761880749734137 0.0
-0.27946155605088796 0.34718220407476985 1.0
-0.6004773613639809 -0.8752725781629098 0.0
0.972344286841643 0.8769464418605883 0.0
0.41861131194783385 0.11251273291270958 1.0
-0.3156391916299248 -0.07206858008272632 0.0
-0.9438275130803684 -0.2197623364679786 0.0
-0.9509754735273397 0.900203191912831 0.0
0.16458106838149766 -0.2945782072850951 0.0
0.4932957578660955 -0.1487370748757466 1.0
0.17127116857376645 -0.43915111697123144 1.0
0.0981399387590618 -0.34002606995306484 0.0
0.23784346920597477 0.3166871517605696 1.0
-0.8936729859401291 -0.4906277002582833 0.0
0.3344933885221273 0.15528877902349758 1.0
0.833687366189809 0.6155298494408654 0.0
-0.6384313950559806 -0.3645223621329081 1.0
0.10894312606607448 0.3057849370560004 0.0
0.33544976558541184 0.5718888481080731 0.0
0.3623494806863732 -0.25663574223583385 1.0
-0.20022569767235376 0.22889413659973412 0.0
-0.10518053339752087 -0.6107735721758747 0.0
0.45490579806918974 0.5993978979757764 1.0
-0.4251648155150942 0.005483002717246999 1.0
-0.13900795108757125 -0.12662148372764404 0.0
0.26684439932480264 -0.3913336096439435 1.0
0.9924620620874258 -0.36618217365413885 0.0
-0.7136053932005182 0.11804103326422233 1.0
-0.20667931713533716 0.15976083223253612 0.0
0.3324654601499626 -0.22257193063217162 1.0
0.009231300671708853 -0.5310054718762862 1.0
0.20560272119277156 -0.2711936094985563 0.0
0.7462794473149861 -0.8904124521637722 0.0
-0.9953838921631992 -0.03159547973749244 0.0
0.7941479197891363 -0.8981541362966754 0.0
0.05619719337444873 -0.7203101882826737 1.0
0.05448216696425101 0.4960778438748348 1.0
-0.4011132861850626 0.8326443305253821 0.0
-0.48742881565160645 -0.3458212512688108 0.0
0.42016765251763455 -0.35329846548132227 0.0
-0.05889891715226159 0.570017949960101 0.0
-0.4695945643510928 -0.621626533995014 1.0
0.4491078021320214 0.07566147219975661 1.0
-0.563240923218419 0.11586065217497543 0.0
-0.9309739012667861 0.03712717446629976 0.0
0.12819555751652922 0.007691298699357807 1.0
-0.6102698060606642 0.02362921956965236 0.0
-0.4867441668073311 0.49678894771869775 0.0
0.6083669722722285 0.5358646695276026 1.0
0.17494790746046607 -0.03512606267820506 1.0
-0.86705955690628 -0.2969027070854875 0.0
0.8812818523294079 -0.029437702687647782 1.0
-0.6762691006049397 0.3690520608411232 1.0
0.44060090902436766 0.38529948309558626 0.0
-0.6818602293436038 -0.6538841453254791 0.0
0.4892459246320342 0.17695105259894195 1.0
-0.9158890991595527 -0.7751253704506329 0.0
0.9068913995367829 0.6594067868586233 0.0
-0.1710441793129911 -0.7108664921270238 1.0
0.7447484454535513 -0.4311554160046702 1.0
-0.5045745462814004 -0.9022115450808776 0.0
-0.11148560206376668 0.16967974112762896 0.0
0.3771408859361347 0.5113519055579212 0.0
0.764934984460061 0.5828259338934547 0.0
-0.8869987791432714 -0.8348045536238002 0.0
-0.6323117942256777 -0.7104554480315208 0.0
-0.2122610235647049 0.125670106385823 0.0
0.835007435194028 0.6725454944351157 0.0
0.25446409108207746 0.10262470142227076 0.0
-0.40553593662057374 -0.3102380785478074 1.0
-0.09994021610611892 -0.8713408981245723 1.0
-0.07806685969445382 0.31991487737368907 0.0
0.8755343606775956 -0.13645869737128025 1.0
0.9649574477925469 0.31631040987159054 0.0
-0.5797865269459692 -0.5703038185794804 1.0
-0.34587370786614935 -0.020087753403871478 0.0
0.16827550350789222 -0.5276437247872663 0.0
-0.2921214750272023 -0.663370658865309 1.0
0.06223041227546111 0.7387791180291046 1.0
-0.11372650983380006 -0.10595264938568083 1.0
-0.8580462681305758 -0.12456724474256009 1.0
-0.7370583968972217 0.26169213110845346 1.0
0.7145447418902944 -0.1656997502183417 1.0
-0.39894213443418725 -0.46459093776378935 0.0
0.8206885769097667 -0.9743334475019163 0.0
0.5864940246476129 0.14782030546131164 0.0
-0.5287359312391595 -0.4462150323887899 0.0
0.3828253855100543 0.4355899109375325 0.0
-0.720604603906134 0.389051965681414 1.0
0.7528645435187651 -0.6507127929536742 0.0
-0.3075045935306684 -0.42630427274233473 1.0
-0.5929149896391426 0.44701378691952476 1.0
-0.981721027673141 -0.45730100500261406 0.0
-0.6305347774564243 0.6346763245584377 1.0
-0.7274867559767835 -0.8534134210803881 0.0
-0.8825881268520703 -0.04877097507056227 1.0
0.12347047047397908 0.4238378776546934 1.0
0.9283577630015423 0.8961891632856358 0.0
-0.8628662553289901 0.9287308935098384 0.0
-0.9540534830990577 -0.10227659225802532 0.0
0.10308711821901206 -0.8047661866093772 1.0
-0.8774818541731353 -0.8669989526003594 0.0
-0.0725167752009288 0.708724515117541 0.0
0.4719978394215245 -0.5452902403967046 1.0
0.26962738823022026 0.22039421471236453 0.0
0.3641330034631103 -0.33881791749606505 1.0
0.2159764760837286 0.34682220989331625 1.0
-0.30440320124668707 0.8152679638281051 1.0
0.4492700831368306 0.6170616261333854 1.0
-0.6013991639876852 -0.4388183672774584 1.0
0.8754087175480099 -0.01463654135543635 1.0
-0.11036152395381338 -0.5340065724566982 0.0
0.2903422225208043 0.4302380607479648 1.0
-0.7730224609994463 0.2348760141935744 1.0
-0.5478933252157216 0.39496690575700577 0.0
-0.1866609507042689 0.1590765599561097 0.0
0.32187567546690166 -0.9676094070006405 0.0
-0.2687970153209187 0.9155036659134992 0.0
-0.32086605386622424 0.021157671364828046 0.0
-0.8322757757554258 0.5732882172667151 0.0
-0.07368038312818759 0.04260590872065828 1.0
0.8188146476190921 -0.4880753927240411 0.0
-0.8489115327938079 -0.26084850201769383 1.0
0.5017623367721991 0.14719243672838656 1.0
0.5329362988681989 -0.261310350172697 0.0
-0.5705451985208865 -0.5686010310515293 1.0
-0.6174816926422286 -0.050472384793265324 0.0
-0.9511240590571857 0.7426483526571439 0.0
-0.15856198936632016 -0.7574710783076093 1.0
0.37711729977215325 -0.5461308465227659 0.0
0.9749883835927287 -0.7921853559321603 0.0
-0.7191388857278391 -0.6890617974295661 0.0
-0.29178391401452863 -0.7062078358612502 1.0
0.5424841308017243 -0.2404925154225952 0.0
-0.19514430931303428 0.5271931637937464 0.0
0.5514629197013479 0.577101007387296 1.0
0.3183755721571597 0.47095731446184375 0.0
-0.899531104680672 -0.6635800900835818 0.0
0.7805219604347227 -0.5514235722405563 0.0
0.8425675673106383 0.6039633186645528 0.0
-0.7773922940198235 0.08573187157270756 1.0
-0.2760845613637246 -0.629285514513167 0.0
0.09012775834010678 -0.540200539614867 0.0
-0.7926538493892903 -0.4573322868459577 0.0
-0.37835328360432174 -0.7362305802509881 1.0
-0.23003372248290277 0.055268809199159774 0.0
0.41529346444257964 -0.1786507043178669 1.0
-0.9136018076010719 0.2986833651414711 0.0
-0.22414239162292549 -0.04545383995911667 0.0
-0.6873602272083514 -0.12147582460471096 0.0
0.6370937375902004 0.9859401678372162 0.0
-0.11211394002665331 0.05865334388404286 1.0
0.20928642634654304 0.4155913322391809 1.0
-0.5895294531424409 0.8763184207757138 0.0
0.06403102353386902 0.056662171832702724 1.0
-0.8140726101186786 0.39403483431253816 0.0
0.1268091314087023 0.9959724667566587 0.0
-0.9013794320857653 0.2579610100291305 0.0
0.8823385772585979 0.9934527838900256 0.0
-0.4689853862118656 0.08191216726195871 1.0
-0.38250099265006665 0.5945179772552909 0.0
-0.42882945404487915 0.41159819830338007 0.0
-0.41918522869167196 -0.8713251825917636 0.0
0.15749452811881115 0.37490998462620473 1.0
-0.641198947327416 0.6313193949504634 1.0
-0.06907251991051977 -0.40289317921138945 1.0
0.7289532122943512 0.07154376249985028 1.0
0.1443750715795622 -0.7926387813000488 1.0
0.5493492313830395 -0.312991775946583 0.0
-0.26716352182899894 0.13752723794380173 0.0
-0.9329774719592572 0.3937488373222231 0.0
0.8808735519282755 -0.4768467966981591 0.0
0.5498302887330764 0.322643217832421 0.0
-0.5073152332871322 -0.47711866978306405 0.0
0.6027859144584715 0.25771124597139217 0.0
-0.6265934928990591 0.47992168558777726 1.0
-0.39274308543612313 0.4922490089858631 0.0
-0.08320693614070063 -0.8633802300518869 1.0
0.9915721349460256 0.7185657198048001 0.0
-0.75273001569037 0.44638837865599923 1.0
0.3090760879106116 -0.030355252796906207 0.0
0.8524333114729068 -0.19700698194177946 1.0
0.3182841001455923 0.5977616529607075 0.0
0.7918259253174311 -0.9469098576264652 0.0
0.8001014175729162 -0.6528037656914936 0.0
0.4288226743840562 -0.11339863513423443 1.0
0.8039745378351604 0.6825661006428487 0.0
-0.9057803202712196 -0.23194522089225633 0.0
0.9728816386331913 0.49560574272403546 0.0
-0.5798898544248665 0.8503100250224229 0.0
-0.32507715781843305 0.28409881054281727 1.0
0.46306544129324867 -0.8683873442972094 0.0
0.13664801054400733 -0.1669029739774459 0.0
-0.8333654954728191 0.002143806712404883 1.0
8.313971360029981e-06 -0.23209620251170127 0.0
-0.4544994740115418 0.989524412924174 0.0
0.12236292677241889 -0.8411909816850123 1.0
-0.8588425356958713 -0.659389412739787 0.0
-0.26499530735848276 0.20138930386994414 0.0
0.5356087667628286 -0.9870541208964976 0.0
0.7916401909825759 -0.6894420816173701 0.0
-0.6927013871214975 -0.9686869359491985 0.0
-0.8586135946390534 -0.0838288026386933 1.0
0.710913857448016 -0.9880608764735472 0.0
-0.0028472511581518756 0.12424632678059333 1.0
-0.38096966802702426 0.4357749587509665 0.0
0.17067286086838696 0.6659405396607943 0.0
0.22485518337921429 0.6250698969651765 0.0
0.15981307290949953 -0.9911849509785766 0.0
0.13227835919398223 -0.24994442923083948 0.0
-0.8559694635522743 0.09260069727301246 1.0
0.9474195020119407 0.9208682631199065 0.0
-0.2802622034662676 -0.31136258377834647 1.0
-0.02439436070374823 -0.8147317887213181 1.0
0.7564144023128889 0.5973549674020082 0.0
0.19470458988113126 0.24507908607949314 0.0
0.44338540896708833 0.30131413844894595 1.0
0.8130173127964742 0.0857391564041654 1.0
0.20324226543238777 -0.17800031959632379 0.0
0.9374673166035752 0.5056437890443906 0.0
-0.3424852981057396 -0.6268686518543285 0.0
0.8940224377506987 0.3569728444638154 0.0
-0.7815803440565943 -0.8499231655745334 0.0
-0.8193567367409231 -0.9330767454613818 0.0
-0.7247992399666612 -0.6578425262456706 0.0
-0.20565536391087935 -0.39273135543812177 1.0
0.5508410438720279 -0.2760161669456922 0.0
0.4737258171069725 -0.5703773137019306 1.0
-0.014801139583566991 0.20842180235365504 0.0
0.5356213197557742 0.46985883788279104 0.0
-0.2771789197171537 0.7825437817267806 1.0
0.5608926825151832 0.5748554263756878 1.0
-0.9270010390676129 -0.17644236698543003 0.0
0.9891006431501081 0.1781706205609801 0.0
-0.18265023296301308 -0.5040826443024393 1.0
-0.963536539010462 -0.7352152803851537 0.0
-0.3399326696299678 0.030843816976588112 0.0
-0.5773588286226823 0.5288062732418379 1.0
0.03461188743886523 -0.25410952831421385 0.0
-0.9706643006986975 -0.17676542848029997 0.0
0.9442918767978885 0.9617308202504364 0.0
0.11848099040254567 -0.5162071481343884 1.0
-0.05912379462321882 -0.6106737085215965 0.0
0.08429806445745003 -0.5064941135451138 1.0
0.23909207041825353 -0.5146488331998076 0.0
0.5060247740567683 0.20700969559194649 0.0
-0.2789035950146139 0.19088325554076513 0.0
-0.04867151221448096 -0.35105114836813445 0.0
0.6554767734444373 -0.8767526704647339 0.0
-0.8677496179664914 0.23554394666492917 1.0
0.8841645985590207 -0.31067412213374346 0.0
-0.8064249416191078 -0.943717560704497 0.0
-0.04842458488716184 -0.948598941285455 0.0
-0.10347255949374823 -0.5599516042489228 0.0
0.43223179275431334 -0.7167797863445682 1.0
-0.053270632546154495 -0.6207700508307425 0.0
0.13421769067212774 -0.07601174352849083 1.0
-0.5313911982393211 -0.08752367851949483 1.0
0.8043850449303713 0.0005721146912054387 1.0
-0.8297171166674158 0.17368155604605406 1.0
0.44473451470694303 -0.7309665926910291 1.0
-0.38407280432862745 0.3860236677279052 0.0
0.21625958212121854 0.6665510311222556 0.0
-0.05765034452005824 0.24100017760225856 0.0
0.1163832767188222 0.8483058473795033 1.0
0.960795108736638 -0.3149013791953974 0.0
0.833101580958123 0.829478126584644 0.0
-0.9096060470596163 -0.4030792720211609 0.0
0.8063866896104008 0.20210763874404392 1.0
0.11845298735150256 -0.7919056486105964 1.0
0.8925129836409669 0.3131686075076514 0.0
-0.4678226359624338 -0.7152438967249033 1.0
-0.8746804470349041 0.1769912072984381 1.0
-0.9981717452301788 0.5834323912552646 0.0
0.351993707360325 0.6374205750861173 1.0
-0.09890233868068932 0.6710087797185527 0.0
0.2676504700806921 0.3405556120350053 1.0
-0.16526168103891292 0.5019545571529502 1.0
-0.21242228811099206 0.8974561363401661 0.0
-0.9240282374943376 0.5852447818465365 0.0
-0.8312033929802194 -0.32743386999892854 1.0
-0.8758251545210647 0.6200750580215262 0.0
0.6111940310857122 -0.7865700054990667 0.0
-0.5285902213813618 0.6102973941596304 1.0
0.1689171015650719 0.2576212992809852 0.0
-0.42676541255663203 0.9136431262240852 0.0
-0.021862772839717826 -0.19222005698691857 0.0
-0.5068265849554974 0.5424837811743484 1.0
0.9647156777872121 0.7084467964606516 0.0
0.09766555577209202 0.5773156371818897 0.0
0.7510174635201836 -0.8845157835213979 0.0
-0.925584177189148 0.7816655681843303 0.0
0.30969179638982647 0.2367214401211668 1.0
-0.2830572917994876 0.009329435570664568 0.0
0.708110960651974 0.38800906012740444 1.0
0.5572807483886497 -0.8862128925511652 0.0
0.4005579079250743 -0.5008374900227246 0.0
-0.8929783209352262 0.08860069896167588 1.0
0.5855593722826553 -0.31990871618013084 0.0
-0.8233747002907277 0.6740871853153045 0.0
0.7112773350819639 0.7154966296063561 0.0
0.5017417333808378 -0.9898425551442005 0.0
0.7488468895232616 0.5851200250689796 0.0
-0.24510006870302226 0.6400370154308359 0.0
0.8264338531846431 -0.8499588040240063 0.0
-0.42306525416665797 0.6555772068681891 1.0
-0.3704529512676371 -0.6503989412013467 1.0
0.6680488952135373 0.3515339155873429 1.0
0.5328486135288275 -0.3232638161151886 0.0
0.20360261892740228 0.38340511810584377 1.0
0.1363232543254531 -0.5715617044798935 0.0
-0.8036583330102136 0.39330572889430315 1.0
-0.8420413807908125 0.03075278738652143 1.0
-0.512627571086772 -0.9735341674519213 0.0
0.8908440376607139 0.9702705228527444 0.0
-0.5980537025573434 0.5274204113472931 1.0
0.5257276499280552 -0.6025313200883402 1.0
-0.13171496811996808 0.19178404005828598 0.0
-0.6729490551853716 0.6969465738461817 0.0
-0.8225433492338512 -0.31869901040626014 1.0
-0.12684802259593786 -0.1892714470570973 0.0
0.3586579004107904 0.3281562049497031 1.0
-0.9202972265033054 -0.9027116889951217 0.0
-0.5578519716496635 0.4095554974364135 0.0
-0.3363269157443285 -0.033783669769857694 0.0
0.36623633596797567 -0.5708559560150814 0.0
0.8390138307062791 -0.5867328355131749 0.0
0.20160980724286492 -0.4871396459613453 1.0
-0.21565734060537678 -0.6403033925922632 0.0
0.7751745403191992 -0.6524747860078794 0.0
-0.9253102598289451 -0.0908569037709599 0.0
0.991171544507442 -0.04299938722665031 0.0
-0.9742402509167529 -0.5848451250615252 0.0
-0.4191403332116439 -0.34306469435539566 0.0
0.5133858988403841 0.19606957883768938 0.0
0.7991223168216663 0.30447798979938545 1.0
0.6998118976939418 0.3228259293600435 1.0
0.7127437827267482 -0.4684917513534188 1.0
-0.5006355441559289 -0.4778910933582661 0.0
-0.027569513960282288 -0.8607357062137673 1.0
-0.8616318395328644 -0.41997762427829666 0.0
0.10709180881028635 -0.7202790078776118 1.0
-0.4121872338876822 -0.09745459217632102 1.0
-0.3509280107203938 0.20944278901439195 1.0
0.27190542149088537 -0.2657934351723015 1.0
-0.172401318577442 0.1914479330808685 0.0
-0.374401256882924 0.9663317467978418 0.0
0.23647815774422765 0.9220149843432301 0.0
-0.08143042148389434 0.38500179263837686 1.0
0.3205755019033203 -0.08226112737846725 0.0
-0.2975985521253941 -0.41151932422496507 1.0
0.46651173679568414 0.33138868799900423 0.0
0.9703810855657695 0.6836892797768652 0.0
0.3857068707143543 0.0722756554864743 1.0
0.1505176561812549 -0.5421864377171399 0.0
-0.16783073678441496 0.3035636033549223 0.0
0.5299662971313215 0.6474063124810792 1.0
0.08729599191097193 -0.05547168656628121 1.0
-0.14555680238446977 0.28658062622340275 0.0
0.17828180068060728 -0.6636323573756997 0.0
-0.017198425772261494 -0.4365061217958712 1.0
-0.3385577926708343 0.9761315282486083 0.0
-0.7159779579232541 0.5162524784452613 1.0
0.21452569465131943 -0.6746556113010111 0.0
0.9379028149348496 -0.0875650066545619 0.0
-0.2380505360213947 -0.9329959503493117 0.0
-0.5315419617123551 -0.01936974195217367 1.0
0.7512560352370667 0.8625352609958197 0.0
-0.08468973791849899 0.10630993505049613 1.0
-0.8237595212864395 0.623171975573696 0.0
0.09705649331894439 -0.8096259061466724 1.0
0.6604928219961115 -0.5020770440900144 1.0
0.6026970998437564 0.0614123020225279 0.0
-0.306203096695006 0.3544324920116162 1.0
-0.20667079365863206 -0.1803673704697859 0.0
-0.22031879993059844 -0.14335206347809915 0.0
-0.05341661984037582 -0.14608982633702872 1.0
-0.09127465757471676 -0.4392874539860181 1.0
-0.38007086476416485 -0.7830948403488407 1.0
0.740305242036507 0.43204695044704966 1.0
-0.9021960365062855 -0.6435588740940927 0.0
0.823618993466902 0.3048674557573534 1.0
0.6120794127194378 0.6893253641312949 0.0
-0.7086799239738752 -0.6310335448899547 0.0
-0.7452351272037776 -0.6632228353848351 0.0
-0.38403215281175207 -0.2528878691347938 1.0
0.8808254740096053 -0.49127468800667695 0.0
0.23629059108894857 0.9780193591004849 0.0
-0.2988338841767024 -0.4542962927663148 0.0
0.2802120569095101 -0.1439068131431005 0.0
-0.40558147990263893 -0.878768987752697 0.0
0.34609369816865576 0.277809652975165 1.0
-0.6292812227358104 -0.08204840769850619 0.0
0.455879981273142 0.6916437727717935 1.0
0.7173004477798188 -0.5483435490578146 0.0
-0.10054824904350856 -0.22796169530834076 0.0
0.1819178870308975 0.29302978995601636 0.0
-0.02259126536684164 0.025729442105962175 1.0
-0.5054301367581795 0.5064756048371288 0.0
0.9328011913682577 -0.2577341285381374 0.0
0.6412177199350306 -0.21737244612019468 0.0
0.4762909439438341 0.7647900028345229 0.0
-0.20155578453431477 -0.4648210893889133 1.0
-0.9615879628686805 0.9410133925477737 0.0
-0.3674635453863 0.581038270390231 0.0
0.787448308071258 -0.3064072313848918 1.0
-0.2635311060180985 0.9914461236815835 0.0
-0.47709099117736176 0.7021885132418162 1.0
0.580293124399111 -0.6859103036582272 1.0
-0.8428175182902378 0.05194310138759928 1.0
-0.020654801039837967 -0.013982783235531038 1.0
0.918622743889842 -0.24586996189304355 0.0
-0.8501146493507552 -0.5028451303290089 0.0
0.9073767163346398 -0.17285225827845574 0.0
0.15333518222058173 0.7599218190950934 1.0
-0.3960041899371056 -0.9150358161937402 0.0
0.5240361662466793 0.002635584102564703 1.0
0.04397756861279922 0.11751879803457865 1.0
0.6848233483444317 -0.1469361145711663 0.0
0.6974260301560082 0.5757740432585761 0.0
0.8260697463979954 0.4129933538134094 0.0
-0.4755520121764407 0.38891344364919256 0.0
0.43698518989793556 -0.35037333443437557 0.0
-0.5944143688572314 0.10412583021755628 0.0
-0.4996529443299995 0.1916098361781049 1.0
-0.7663503547088495 0.17914233867066587 1.0
0.294705716957661 0.9761234969040855 0.0
-0.9635986580770823 0.8983279307101169 0.0
0.36199264963220656 -0.8157665844664272 1.0
0.4601931882009418 -0.22120436325608672 1.0
-0.7290322155924633 -0.39902479187846307 1.0
-0.34865127482784875 0.5910753950534853 0.0
0.30884843003501206 -0.8771588531565582 0.0
0.6136799094462697 -0.7131321162387374 0.0
-0.6704070018824746 -0.5628807574778507 1.0
0.5386537986788347 -0.8354901612804688 0.0
0.9143560850156642 0.6264942582465496 0.0
-0.9101112971068246 -0.2687838684402508 0.0
-0.9811045046801579 0.035101414883038196 0.0
-0.7939939575208279 -0.9327029566451486 0.0
0.3318891924133216 0.6557185546614417 1.0
0.7546083703484547 -0.687529315849829 0.0
-0.7353612403425742 0.7903557128362746 0.0
0.19734091051328306 0.4433942627180081 1.0
0.5453969817330151 0.22362483091782903 0.0
-0.06146965531756354 -0.03977284858186003 1.0
0.5838441290244483 0.16150398945421696 0.0
-0.7308372082550061 -0.23608590714748745 1.0
0.42080184368411966 0.37898772127588054 0.0
0.6929117271441572 -0.8110777367256772 0.0
0.7278416444718387 0.1987212791450832 1.0
0.05901738486218311 0.3742457307459657 1.0
-0.5234223714030368 0.4423800817469701 0.0
0.555013199826885 -0.6116244505167987 1.0
-0.8439380004735377 -0.624645937403469 0.0
0.7512770634077242 -0.21458532033184285 1.0
0.6953404861460095 -0.3076695512781964 1.0
-0.46506852224099093 -0.9952332956201966 0.0
0.9719082103131309 0.12850852876145447 0.0
-0.5986121367194299 0.7026656094250519 0.0
0.5320105781467335 0.03814164712934143 1.0
-0.18438239383127097 -0.14252741604995167 0.0
-0.8273155928934066 0.21543993564628083 1.0
0.5804787139837433 0.7246566513865678 0.0
0.27301691453054344 0.7850946149215245 1.0
-0.8710689502691047 0.8200584683035874 0.0
0.5119112975841682 0.8556451742477567 0.0
-0.5711191027864122 0.14008177262690857 0.0
-0.4902450487638501 0.3723921226996927 0.0
0.694888419368898 -0.21647482312668465 1.0
0.9054024733738648 0.23086665801776296 0.0
0.3145207434160693 0.6818696340927286 1.0
0.792426532325585 -0.7395381099092644 0.0
0.5127841197263143 -0.9787762442198253 0.0
0.5872163911293669 -0.5964786486933236 1.0
0.2798437781918526 0.8482435281457605 1.0
-0.22879898856482228 -0.5744830836022963 0.0
-0.7732157852271433 -0.7837654882040179 0.0
-0.2589341043353619 0.5854520752743788 0.0
0.7457975031665192 -0.15174261161441738 1.0
-0.36550926327905064 0.09921321190971444 1.0
-0.9805014013357709 0.7330966998195738 0.0
0.07650905695561949 0.4535881527198038 1.0
-0.14429101354382023 -0.6367149470721907 0.0
0.6308240493287705 -0.08054652773280169 0.0
-0.695172050607793 -0.9834643334468405 0.0
0.6731025147122989 -0.6281924665280068 0.0
0.8174896543335781 0.4930969116310997 0.0
0.8028958678427756 0.48165838415309037 0.0
-0.5900256446904706 0.33951305215050454 0.0
-0.523085521345036 0.5582518389974376 1.0
-0.9456661207787966 0.715112886992664 0.0
-0.3602491465754416 -0.8857630007126402 0.0
0.6861890893853129 0.18596828569764723 0.0
-0.5059649235787087 0.41996532390003605 0.0
-0.5669812148027555 -0.4457132380417703 1.0
-0.9283564427032134 0.6047582761364019 0.0
-0.5712941761019312 -0.22826836100451153 0.0
0.4412810983988287 -0.48592247145639766 0.0
0.10431284406293573 -0.026733199918861583 1.0
0.22646582761849277 -0.3891788293010314 1.0
-0.3152414929082654 0.5522182582192192 0.0
0.588858984832723 0.47350372565471766 1.0
-0.16806431637088637 0.5137453787482531 0.0
0.273464717076517 -0.6597676260893657 0.0
0.5688808915154544 0.5711519801317542 1.0
0.28818360585334113 -0.9063988343847786 0.0
0.23716677583719936 -0.6525858729610448 0.0
0.5405853402660095 -0.4171760630442223 0.0
0.5393623967072327 -0.12269426946683137 0.0
-0.7774058000928743 0.25232465585713104 1.0
0.4067321906667092 -0.9006014961811417 0.0
0.45599898765655733 -0.4962593138500888 0.0
-0.5387327098112056 -0.016236278239746493 1.0
0.3807312376768508 -0.4957075345136819 0.0
-0.7697959495060764 0.7226396680533735 0.0
-0.2563330331745939 0.7864018816912706 1.0
-0.546766842845658 -0.9050900353112437 0.0
-0.9821321978386721 0.15540462176912184 0.0
0.10085567168602383 0.9941818590666667 0.0
-0.0979848833016892 0.9173968874723977 0.0
-0.8709541773735388 -0.6944704951920302 0.0
0.5895381242450417 0.12923224311660375 0.0
0.45064682972714487 0.7940995671636533 0.0
-0.06058184418239221 -0.4696370245488797 1.0
0.20675740403557108 -0.571405003751881 0.0
-0.03510060951224947 0.12385497401570045 1.0
0.34837845244754284 0.37564974535176954 1.0
0.7024786260441762 0.7343649085697006 0.0
-0.3784875816977338 -0.28784046296233035 1.0
0.1484940878645582 0.07739152674325567 1.0
-0.7394629319212132 0.724506001896299 0.0
-0.009571501010290362 -0.20269360395142288 0.0
0.913845228920094 -0.6582784567847395 0.0
0.8165924299706342 0.23532624140277392 1.0
0.8061092040181768 0.3725511833053494 1.0
0.3294268753968328 0.42467501783767325 1.0
0.4585272969186327 -0.8387641049144203 0.0
0.5997491611924395 0.31696444787007283 0.0
-0.18123185453818835 -0.7892560786740501 1.0
-0.5402877678606051 -0.29210380895021704 0.0
0.5819071555259794 -0.33476580265427347 0.0
-0.8808901111494205 -0.9736505350779945 0.0
0.7047839479450275 -0.6722528177076981 0.0
0.735861762343659 0.6216392820449266 0.0
-0.7934897017764173 -0.4048221346504175 1.0
-0.3227308556167505 -0.21882457237969666 1.0
0.954877266882872 -0.4616467712691681 0.0
-0.2996632342735226 -0.95078507969662 0.0
0.23819589300486999 0.8650005638001519 1.0
-0.23340548843039866 -0.27026634418625073 0.0
-0.9726628045962946 0.8993139881127794 0.0
0.07114461897695956 -0.8222509581596531 1.0
-0.8146717055246633 -0.3617301410128133 1.0
-0.2248713893073575 0.028267321426696412 0.0
-0.9677634203823975 -0.2516457716281537 0.0
0.34596514902529996 -0.5116874908231301 0.0
-0.6772735687924023 0.16805054220793014 0.0
-0.3841716019033139 0.23002555200474029 1.0
-0.1815402639691721 -0.4461628382769687 1.0
-0.9879687985632781 -0.7714832680664083 0.0
0.5296896603072221 0.18387864702281087 0.0
-0.18844695326625938 -0.34440133157533004 1.0
-0.6803264336177473 -0.07992211373121472 0.0
-0.29963314668596697 -0.49425192439065335 0.0
-0.8780333137907699 0.6797335158953668 0.0
-0.10279315803844291 -0.04579043582311537 1.0
-0.5729150186648675 -0.5861936387297757 1.0
-0.1724161146465346 0.9541176146364188 0.0
-0.5883027581593725 -0.41534352798113416 1.0
0.7117945429996926 0.22282828615866812 1.0
-0.2876519060043623 0.6791809786668968 1.0
0.6692902029275503 -0.9132070217402664 0.0
0.32140089396479654 -0.3224763773848889 1.0
-0.6218376798189584 0.32491291880466977 0.0
-0.6852133237598359 -0.3071923235824736 1.0
0.6493993526009543 -0.54620760835306 1.0
0.2394962881027105 -0.851154557627251 1.0
-0.7407598735833898 0.7776406747473024 0.0
0.3354678059838023 0.12958370690076082 0.0
-0.9716859000361548 -0.8899196563265637 0.0
0.7719499873495981 -0.4948720912948119 0.0
-0.2407831863167551 -0.37480418216210465 1.0
-0.1511540825665063 0.5430647538982984 0.0
0.9436018074134096 -0.6870307214831284 0.0
0.9211959035451569 -0.1285017410539364 0.0
0.4434150949065616 0.6174697176909734 1.0
-0.8517349053587311 0.08663147159038931 1.0
0.008321873268018587 -0.9242020120049494 0.0
0.16452551508148927 -0.4577975348354715 1.0
0.8394953698392744 0.6957387891271285 0.0
0.40102233958942013 -0.9122020917898208 0.0
0.6469406339998647 0.405501711604922 1.0
0.3839471970036419 -0.7702524763569096 1.0
-0.4074772988963282 0.8329197335797547 0.0
-0.607209949917199 0.48649752745789665 1.0
-0.5619687408633582 0.011522490640762939 0.0
0.5527701840085892 -0.37621240205654916 0.0
-0.17802701400337884 0.8705882022441649 1.0
0.886504260990058 0.27726311452823027 0.0
-0.009766860076176664 0.5920422252704556 0.0
0.48009585444971137 -0.6296622894201289 1.0
0.2005147662423552 -0.6538280880896405 0.0
0.06644491361639204 -0.45272927058772283 1.0
-0.16464164035231255 -0.03197217438601219 1.0
-0.03664970278491109 -0.12466230898018993 1.0
0.8814277967218251 -0.28005188728796604 0.0
-0.2817121644554661 -0.7682643388665147 1.0
0.05345175627143095 -0.3771269717817054 1.0
0.6127696158815716 -0.9738855118696903 0.0
-0.6234793470750664 -0.8584984778023064 0.0
-0.5947183710547357 0.41505228852583764 1.0
0.29226668644103304 0.5972539301033899 0.0
-0.06710906013561613 -0.5615618143160408 0.0
0.9924775053784072 -0.6492223810652034 0.0
0.4761885883010837 0.012260839045083127 1.0
0.8335698025170677 -0.440035165976691 0.0
-0.0923330664310904 0.9686207845011978 0.0
-0.642783223353911 -0.5718581349243179 1.0
0.5735186064291211 -0.5605757052781628 1.0
0.29992466450410116 -0.35927908845182954 1.0
0.9022432453314355 -0.3613352011254436 0.0
0.1501804503226256 0.9765468425210753 0.0
-0.5717198057534574 0.8188622762726487 0.0
-0.8414692789490226 -0.5928822090646291 0.0
-0.780494184153413 -0.7917602724952648 0.0
-0.31528836701850493 -0.9404096009822391 0.0
0.33418842099320756 -0.16850648292825743 1.0
0.6137118100343266 -0.021983188286813338 0.0
-0.9882396644613536 -0.7857967275810367 0.0
0.48096322497979926 0.20716261531542157 1.0
0.9662118807963067 -0.4648537469978413 0.0
0.7151229623862587 -0.9239719605318364 0.0
-0.7959751974180647 -0.037999578742210494 1.0
-0.2145124603603512 0.43550077601693205 1.0
0.9995266583614202 -0.9956250126553816 0.0
0.5614271935416566 -0.06734890342463484 0.0
-0.5584577724031692 0.8254344130050786 0.0
-0.3196002904733177 -0.943132188704322 0.0
0.9237982896191488 -0.3286785012212776 0.0
-0.8281509874504702 -0.7123889872296341 0.0
-0.028478060626621504 0.2326229184699533 0.0
-0.23867331935390634 -0.005277932511982053 0.0
0.014008546085381157 0.4045358405761281 1.0
0.2678405194863469 0.20906897912159694 0.0
0.8561740652724925 0.22606198770781494 1.0
0.48528849073805547 -0.8642073442544373 0.0
0.6735296435349738 0.10969096702737713 0.0
-0.5116311200371024 0.4585069635102852 0.0
0.3872463507210757 -0.35907634353021 1.0
-0.9483346619643742 -0.8862595942070546 0.0
0.0680562772581661 -0.5445723788422221 0.0
-0.6611800692126917 0.43953908181915846 1.0
0.41557204779460366 0.33549173723779435 1.0
-0.6813125909534874 -0.28222808132988164 1.0
0.6806741205838747 0.2593500456093034 1.0
0.38374559248562323 0.515540003005009 0.0
0.5619165919899867 0.6129032326913024 1.0
0.7080413353707626 0.1333996624522913 1.0
-0.2971725920882198 0.2686263978104726 1.0
0.050210997625670384 -0.7944961085160211 1.0
-0.04449297644821226 0.34487228792420677 0.0
0.16913869859537245 0.74732516236238 1.0
-0.3450822288168238 0.020781190509626013 0.0
-0.6686739806575226 -0.8513441665107286 0.0
0.9376876332116382 -0.36811978771716247 0.0
0.26221212100374447 -0.9520755230838556 0.0
-0.2846122597538585 0.6550795594124696 0.0
-0.02802572258798608 -0.8059788789282052 1.0
-0.21048628047553186 0.44704687858999015 1.0
-0.8388401893556763 0.7425169522364694 0.0
0.9052336363378533 -0.10679850911201827 0.0
-0.385897037767178 0.9275958134812332 0.0
-0.4077427004246019 0.9962605970138958 0.0
-0.4207858564778304 0.13112450157047095 1.0
0.8663224916312744 -0.9001166735024635 0.0
-0.7324522549927364 -0.23981803587698813 1.0
0.7010359077028583 -0.10625413352039081 0.0
-0.9007163613779803 0.3261941325168298 0.0
-0.8263221172657718 -0.22239517336864667 1.0
0.6305085457132518 0.7477980374779194 0.0
-0.5754066195739949 -0.5145998967214445 1.0
-0.6212478350873492 -0.3614450571599441 0.0
0.9952267962191532 -0.9881669652392486 0.0
0.2199072661147845 0.907020697214566 0.0
0.824239314609996 0.4923835419407172 0.0
0.6638047465959349 -0.8202310958346977 0.0
-0.4595057819946007 0.6813606958968133 1.0
0.47199384358215446 0.3108382868980597 0.0
-0.32913486694829763 -0.14062169350177567 0.0
-0.4448331600298543 -0.6851425858014935 1.0
0.43966659938734565 -0.7000910282804329 1.0
0.3243582347333389 0.8755051120447486 0.0
0.1807962034676569 -0.14535744930744565 0.0
-0.6566563649202628 -0.29373730772079165 0.0
0.9396501067520484 -0.06944906637438897 0.0
0.5310635151800704 0.379846654691252 0.0
0.14186511018353132 -0.037399718275049176 1.0
-0.7633949013046812 0.17220529627389825 1.0
0.7646484695849027 0.3305260109185708 1.0
-0.7607043318359374 0.5691179266881918 0.0
0.9312785633000318 0.3931747294893104 0.0
-0.43107918754588015 -0.07664714218235558 1.0
0.16877999057561666 0.1705297108802033 0.0
-0.2646773600978165 -0.4907654239283683 0.0
0.02737893625038712 -0.27363108263228675 0.0
0.48369632759721726 0.7846728642031393 0.0
0.9587993960403154 -0.2670040638832585 0.0
-0.47485662875357115 0.4785441233001948 0.0
0.5328684223502069 -0.6385440680568897 1.0
-0.706239167774384 -0.17733414987469343 1.0
0.23918213224111318 -0.32017688481317497 1.0
0.5033540546441164 -0.1273006283564282 1.0
-0.8667111078097567 0.7622241895963588 0.0
0.9137539291881072 0.44530365379726033 0.0
0.5452138859100977 0.5220903422101733 1.0
0.016576089258626636 0.3965783317241598 1.0
-0.7834363758680656 -0.09083906986164836 1.0
-0.27867903206413547 -0.021096882536990158 0.0
-0.9588696426220111 -0.5105889650959694 0.0
0.2628823142572003 -0.7274653618028168 1.0
0.8635023972165936 -0.8730240688186959 0.0
0.9427672584202316 -0.07996282419234979 0.0
0.4900597630426935 0.14420183332297754 1.0
-0.3319394274028382 0.35765375975574565 1.0
0.21428024776920207 0.37502847535613326 1.0
0.45215977446468525 -0.3465788657526514 0.0
-0.7540841901509399 -0.6039172157582338 0.0
0.6627401615350468 0.16230732838010975 0.0
0.25050750842598624 0.5326280942989157 0.0
-0.20226387668586243 -0.9345739584162229 0.0
0.4810009986537336 -0.283021819062087 0.0
0.8655878660551686 -0.027954760185688876 1.0
0.19545890201331617 0.4952442883178345 1.0
-0.9083623589230343 -0.970633814853815 0.0
0.8379311379779413 -0.4057932735689651 0.0
-0.7696246049989812 0.6492109707195464 0.0
0.7502359637433482 -0.4504973585507819 1.0
-0.0001495762388601385 -0.5326256819694941 1.0
0.9833820606573922 0.24257513945348985 0.0
0.28429857822949267 0.7630704710409701 1.0
0.6701119429460529 -0.81323409563131 0.0
0.5523573376392543 0.4442054807643123 0.0
0.5637568183800865 -0.020072420279261483 0.0
0.8470104053673593 -0.5454900803748679 0.0
-0.5893638858988122 -0.7609233309774146 0.0
0.3691436183061305 -0.9047754994741686 0.0
-0.9332362722765508 0.33047761891204464 0.0
-0.5163288975968754 -0.627232169005308 1.0
-0.9570123863771491 0.36181111590069515 0.0
-0.569213083012293 0.258524114768379 0.0
0.11561769176364556 0.46468935301371905 1.0
0.6132718558059937 -0.24092223432781235 0.0
-0.23874298691408558 -0.4596692573877703 1.0
0.09945850552342006 0.16431295892078812 0.0
0.23199003764353354 0.4466012939878514 1.0
-0.508052409451176 -0.043667385104261935 1.0
-0.06118531852657494 -0.8523368335378498 1.0
0.4456638028460327 0.2811487592295929 1.0
-0.9173558532904262 0.11233648452124023 0.0
-0.349026259678038 -0.49615270002170786 0.0
-0.8331039568659002 -0.6734106855577893 0.0
0.6547758698142117 0.3814459542072597 1.0
-0.07847305457543441 0.6614401946385082 0.0
-0.8181792703510236 -0.4171045089356582 0.0
-0.48701481511421685 0.4863258568829667 0.0
-0.4560154730294279 0.6229435385600415 1.0
0.32849075755082335 0.23160294157681194 1.0
-0.5699950347295448 -0.9006549568659861 0.0
-0.1755740422907437 0.7961607099850967 1.0
-0.20061767949286935 -0.3342166698737168 1.0
0.35633497676572 0.8953535663987953 0.0
-0.021180062510154363 0.12242969847733076 1.0
-0.8604201018963087 -0.08391327075966881 1.0
0.3073479990775183 -0.39442069912671673 1.0
0.6383813934573537 -0.1832618438955711 0.0
0.7640377788289912 0.06547699797318973 1.0
0.9486313764874932 -0.7472928849152414 0.0
0.9553135239299109 0.1958422282173098 0.0
-0.04721846907042515 -0.031059399728579296 1.0
-0.6842848210930825 0.26369992780130747 1.0
0.2510548739112204 0.08492463349736035 0.0
-0.19486302579453385 -0.8953399528276396 0.0
0.30599035498066396 0.43607420126088114 1.0
-0.967527301984084 -0.9148187129328686 0.0
0.16094399601901577 0.5459282968325627 0.0
0.3550351261602376 -0.7679383597620904 1.0
-0.7657060500043218 -0.8748001671499694 0.0
-0.30273426423826977 -0.49552544483553307 0.0
-0.16194857626472214 -0.8036555459113057 1.0
0.1913692337864441 0.16728553764912069 0.0
-0.0629214694772382 0.37924334307091767 1.0
0.7613490061496069 -0.28957565921381745 1.0
0.3582269026981113 -0.3625596379282017 1.0
-0.8275711937754977 0.07780710932216417 1.0
-0.0011723025971344114 -0.2543999588393562 0.0
0.5993488970980712 0.2539119746418079 0.0
0.8901362394077519 0.001950857330015987 1.0
0.6466527964934166 0.8570345217083093 0.0
0.31790496978178795 0.24185337802128348 1.0
0.4806041362422597 0.3932521517872771 0.0
-0.9812348613639474 -0.0024076189586401675 0.0
-0.644735882591644 0.3361309723051029 1.0
-0.10775257570049357 -0.7618118063940489 1.0
-0.38351465968720744 -0.9583192758679817 0.0
-0.273457443967432 0.7933419480997714 1.0
-0.9183285768469296 -0.5164830695454072 0.0
0.8846109900722028 0.7105067710067814 0.0
0.2465312711241905 -0.1830921106504897 0.0
0.7390282222340472 -0.35128157364621826 1.0
0.12136455890251208 0.402358703802401 1.0
-0.4846959133436517 0.4332968639226109 0.0
0.1788283305306111 0.13219677091133075 0.0
0.6020109292868157 -0.6195677417997916 1.0
-0.789047211481944 -0.7419229775775533 0.0
-0.17347302862325553 -0.8094525933968484 1.0
0.1197177926442825 0.9156986464030796 0.0
0.8343380333692139 0.9071873598801958 0.0
-0.4635919578095855 -0.060948067674250206 1.0
0.2347346746023944 -0.44964494186118364 1.0
0.28799484291216704 0.8994238909792092 0.0
0.5400100794027609 -0.21094170273802426 0.0
-0.8877843972613446 -0.7923115201996944 0.0
-0.4972313812956759 -0.5117571732364661 0.0
0.1076211955907127 -0.6724088021458294 0.0
0.11429348744051482 0.7616377238985252 1.0
-0.6988000106930734 0.6281959029703377 0.0
-0.2867156317840942 0.4169359876291181 1.0
0.45323467406076445 -0.5507017838616504 0.0
-0.6201710412764754 0.011634265759975282 0.0
-0.56085291248129 -0.6062172583592091 1.0
0.18922702370728905 0.141297058119638 0.0
0.8811434746244426 -0.14172684170436334 1.0
0.1868214840383018 0.46358511246529566 1.0
-0.12198440722245585 0.47734280730170675 1.0
0.3682041211483924 -0.7293993081527159 1.0
-0.09178989584409436 0.9025992563917786 0.0
0.3967787410970107 -0.8653509899203085 0.0
0.9541729799723981 0.5287215346744158 0.0
-0.20647279703176347 0.7093169556293868 1.0
0.8748559775191906 0.5807230087751494 0.0
0.7771429668049208 0.2586615677094053 1.0
-0.33299460092799116 -0.17786224921036942 1.0
0.930046556014875 -0.05677853160735857 0.0
0.2365194029167077 -0.33114787160864956 1.0
0.2904780350997376 0.5522110590054641 0.0
0.020074930089763132 0.9017079154638215 0.0
-0.6168468237252931 -0.6705867589302374 0.0
0.5664231682532817 0.049965075748162 0.0
-0.7364515789557957 -0.9852817669023712 0.0
-0.05195912656129553 -0.1441639236059309 1.0
0.27298941808377 -0.13279240646806256 0.0
-0.3346045496492309 -0.14101444626844306 1.0
-0.8206542829470453 0.931091605918323 0.0
0.8551262213886952 -0.9349339308547264 0.0
0.9916740156221577 0.47308602066086625 0.0
-0.3886901710573305 0.7995870950123776 1.0
-0.8970192977249116 0.32158643524955055 0.0
0.044270734484580965 0.8825156630961959 1.0
-0.6465486423437923 -0.17047655256317817 0.0
-0.28142902391322755 -0.008484690883325152 0.0
0.9346469517051068 0.8936367406488186 0.0
0.15370991409303247 0.7725161871293857 1.0
-0.013815640715256317 -0.17500710969937017 1.0
-0.1365756251054111 -0.5822662694527887 0.0
-0.6270387779761706 0.19446967486781452 0.0
0.8832098904795567 0.5930003947894693 0.0
0.18577966413375746 0.36150867298758516 1.0
-0.641195407352203 -0.9719195574954949 0.0
0.6813073289168023 -0.03726444213550617 0.0
-0.5496967364741865 0.9794149028729731 0.0
0.9112170187695852 -0.3093664566563683 0.0
0.8459594367117145 -0.07791420974974539 1.0
0.962167137036545 0.2951364608600777 0.0
-0.41668875770454106 0.7322656340625946 1.0
-0.15844213947331132 0.8937557736455846 0.0
-0.6432081266150118 0.9887409802607716 0.0
-0.18299739140532667 -0.6413996805314224 0.0
0.3743061781969632 -0.5811055657315711 0.0
-0.8005380068363812 0.11763534760809335 1.0
0.7819788644926 -0.8259323070389775 0.0
-0.9632250185825422 0.2883259533019227 0.0
0.41617840519270977 -0.9533283654979516 0.0
-0.017747862762813593 0.2671313309114396 0.0
-0.30857165214259186 -0.18548613076781928 1.0
0.5766038253066783 0.4802539245452204 1.0
0.6437291561711722 -0.45274557542256355 1.0
0.03042789652693667 0.7507718701566823 1.0
-0.2746136480239614 0.9207793261093418 0.0
0.541764041561557 0.21727341637262798 0.0
-0.9209594286184262 -0.34751754010720304 0.0
0.0046641533644729005 -0.1530722624230536 1.0
-0.3162849287158891 -0.5762027600357322 0.0
0.7761631831844849 -0.12183239261389511 1.0
-0.22220418030678313 -0.9234361870366565 0.0
0.132968161721305 0.8990594331466302 0.0
-0.6319863556408143 0.81779755977168 0.0
-0.11592921538913181 -0.672419304849305 0.0
0.8314834704146217 0.03776813561919079 1.0
0.3579414516770407 -0.5954493151791949 0.0
-0.9928205221261617 0.8193358067170122 0.0
-0.9199225919179488 -0.1848147245915175 0.0
