x y class
-0.9870786188019314 -0.1319502457332864 0.0
-0.6960163989380594 0.3258046095041598 0.0
-0.3296411728794957 -0.1990057073186442 1.0
0.025646434852668598 -0.6618073732011633 0.0
0.08903910734200227 -0.23379427758962001 0.0
-0.9108726458360545 -0.2299841133404381 0.0
0.5566967987529763 0.7219112502785847 0.0
0.5871596020252023 0.22015103748730414 0.0
-0.9571000049502743 -0.7971825566196293 0.0
0.24769690124239507 -0.22909646885226143 1.0
0.09661919874112956 0.5231371232057753 1.0
-0.8630018459265654 -0.8046328416900455 0.0
0.4395552081770391 -0.8622042843561761 0.0
-0.01551638809363487 0.9407533183266579 1.0
-0.20121358506603704 -0.06098147501778173 0.0
0.6010422488278218 -0.6197369933900692 0.0
0.38838861958855686 0.6709774084909557 1.0
-0.3174904254232549 -0.06334466214821655 0.0
0.6434910104062281 -0.5245906361676853 1.0
0.2551197916497714 -0.5219148558528879 0.0
-0.7594174077118816 -0.26013133815454315 1.0
0.33713747636405267 0.43156675653087606 1.0
0.5355246801070155 0.37438973595999325 1.0
-0.00797703233789826 0.012227890939284114 1.0
0.4704643014429024 0.9460854252841155 1.0
0.341408910391074 -0.6058638421876041 0.0
0.7162691785433015 0.6678119710477315 0.0
-0.0034849356514368157 0.30702748301692706 1.0
0.556177231984792 -0.008802253886412092 1.0
-0.4150990907057748 -0.055781624785922634 0.0
-0.792550448395962 -0.3957827798715332 1.0
-0.7307873583529765 0.692073704018271 0.0
-0.9681302413885116 -0.5495295801879554 0.0
0.7498976911082444 -0.20320641562866704 1.0
0.002482817732986975 -0.09564640144125902 0.0
-0.028467014826025983 0.03450741910785582 1.0
-0.34274576059497 0.32888663094238835 0.0
-0.7450277905719707 0.9500667972597161 1.0
0.016830272394943613 -0.04619135132060581 0.0
-0.017155161295806964 0.6383884790477352 1.0
-0.46827692015386857 0.18107847452922 0.0
-0.11916360316369512 0.49808978764302014 1.0
-0.9228904196939667 -0.5137051490612299 0.0
-0.7539527605385301 0.8427350970975036 1.0
-0.21731494157516873 -0.7603308784338276 1.0
0.450779601178644 -0.5048446289085462 0.0
-0.4221123279035932 -0.5333153334321101 0.0
0.2393805990280582 -0.2956462241950353 0.0
0.27884662837150787 0.7217142456639019 0.0
0.40308304618840407 0.8443734570398937 0.0
-0.43395213546954015 0.956434907378094 1.0
-0.6989760110079188 -0.719777477869562 1.0
-0.3169353038964906 -0.48295020444752845 0.0
-0.15840274781389718 0.3236373928520917 1.0
0.17592548357591342 -0.840701838317855 0.0
-0.9176889197949145 0.7611125969849244 0.0
-0.30670633321630913 0.9753455845647254 1.0
-0.6394662788619712 -0.9289113624263685 0.0
-0.1513359325178667 0.14603921653108443 0.0
0.04121219957210598 0.5445201072650898 1.0
0.28254185608045 0.37997315334752835 0.0
0.11093410467560627 0.6371534844439037 1.0
0.17000798919712956 0.38468041267656106 0.0
-0.41310463210134785 0.651207005088092 1.0
0.8645174694278879 -0.15737920607059674 1.0
-0.8815263052786857 -0.051856128787078015 0.0
-0.807516215976205 0.9844172458792078 1.0
-0.3660296379088879 -0.317115734568751 1.0
-0.632205801538881 -0.18468742082882406 1.0
-0.35540414834236445 -0.3273525702528719 1.0
0.6928385890046966 0.2950811773786297 0.0
-0.25411089912082807 0.8157222659542553 1.0
-0.45190396239936126 -0.3148799317954827 0.0
-0.2940568642340824 -0.07261426573917107 0.0
0.2635891102771615 -0.34698022308474785 0.0
-0.7896967863431401 0.5278316564523604 0.0
0.8105063058506503 0.13136731559885928 1.0
0.1993284293204105 0.4064562759655601 0.0
-0.6309623156289297 0.42873231721043115 0.0
-0.11802076692842767 -0.7043488252597838 0.0
0.7804784444972754 -0.00993423738107202 1.0
-0.7620347966519243 -0.6284330786795982 1.0
0.143635621014508 -0.8045735638659346 0.0
-0.9497371940654282 -0.15079429785398535 0.0
0.36388482863910854 0.6265479140552501 1.0
-0.7735637412364653 -0.49872663016137 1.0
-0.2538216731775875 -0.7179771102251018 1.0
-0.614070015003533 -0.14017281485946254 1.0
-0.3183954724673812 0.012246665129683088 0.0
-0.2965873750768533 0.6882815163882072 1.0
0.6540255474054315 -0.6160809636989781 1.0
0.9175228177716244 0.16815523344215055 1.0
0.9415753702863281 -0.6231765572905106 1.0
0.8597982898205154 0.4756624185518592 0.0
-0.6637531867813171 -0.1246549016742029 0.0
0.2158937671822836 -0.9671253216327693 0.0
-0.8463725668839517 -0.27197179306581387 0.0
0.9099426364768395 -0.911134681913925 0.0
0.25821950386141435 0.5632588754680101 0.0
-0.13427594380977026 0.8367159908365938 1.0
0.6565089071169785 -0.37876752424977966 1.0
0.9379617313412434 0.9178875821656329 1.0
0.26339093334431585 -0.8074958978608713 0.0
0.4070765583702711 -0.15552941553795296 1.0
-0.5823527815183585 0.9050097071529184 1.0
-0.07906664443669942 0.5573282049806414 1.0
0.8791328763279418 -0.3836584757432382 1.0
0.21673229747064715 0.9087495035468951 1.0
0.44227893723937073 -0.0481023260533151 1.0
0.7889935870587717 -0.20932194963692008 1.0
-0.8887789684940237 -0.669563944180956 0.0
-0.7367936598584455 0.3411859636445116 0.0
0.4510332768338332 -0.511840477677268 0.0
-0.031468649545158156 0.8325258197825385 1.0
0.5344429326297611 0.547461012171673 1.0
-0.033214205159562304 -0.6135066616833615 0.0
-0.7494663494306226 0.22736923147919064 0.0
-0.16680678373462543 -0.8317293408789397 0.0
-0.1971838257562366 0.47386563591944 1.0
0.08193894596037032 -0.7170294096708401 0.0
0.9654876546467082 0.5001832037733625 1.0
0.3401459425178579 0.6340963022261228 1.0
0.16517493617701495 0.15009904825032439 1.0
-0.4563986079464246 0.8547919983401477 1.0
0.08049170235024428 0.9193305381985122 1.0
0.717700172916172 -0.8305914155273342 0.0
-0.02780634190555742 -0.7316215440235128 0.0
0.4233948471856255 -0.1232305345687541 1.0
-0.04552744389191288 0.43450759845262654 1.0
0.49518131185503544 -0.44291441441148316 1.0
-0.5358598995357262 0.3172381534860982 0.0
0.5365179081019149 0.9422792737270844 1.0
0.2712529229675693 0.9884825409924327 1.0
0.8263044569925744 0.20522976849691577 1.0
-0.0895151149129918 -0.060531308347874235 0.0
-0.0012658293391665243 -0.9709482502471998 0.0
0.03141161346169574 -0.6530112955931289 0.0
-0.6428155252380947 0.8515082833830432 1.0
-0.19446679697347413 -0.45392467149988325 1.0
0.8701160770153642 0.09639124446906555 1.0
-0.8961344645043379 0.042145212127474574 0.0
0.4092999063964675 0.43908844548467263 1.0
-0.5558637579048056 0.9208328136523183 1.0
0.830322202835555 -0.4759995468092426 1.0
0.18276812750086657 -0.5486524167442048 0.0
0.6600864770399919 -0.03053498530572285 1.0
-0.13475260725086757 0.9197507444376671 1.0
-0.1611368133366664 0.6390856646812886 1.0
0.4647414201622011 0.28703231399459983 1.0
-0.22821399531633801 0.0727664732359754 0.0
-0.3268991478471912 0.7555411762191446 1.0
0.7550957891812238 0.7111542528335795 0.0
0.5376605453914125 0.28340933311356165 1.0
-0.6156125399525372 0.4710538442449437 0.0
-0.18837079549742497 -0.980803976030685 0.0
0.9878308213832285 0.45115622571285563 1.0
0.024587875840392348 0.8964759397637889 1.0
0.10007612922115117 0.8688627192844014 1.0
0.4101694566586611 -0.5778442547979772 0.0
0.5669223064970659 0.28254530200361194 0.0
-0.3443554430920306 -0.5813215979960267 0.0
-0.6337621525120039 0.9123631644772192 1.0
-0.2490608189045933 0.7757569059195013 1.0
-0.07059962024666055 0.34772547785091956 1.0
-0.7728315072690393 0.33618920711811073 0.0
-0.21258107855710895 0.22958470184922408 1.0
0.3805609562075609 0.3587138131914449 1.0
0.0942687305797536 0.0337179115795323 1.0
-0.9162564499159576 -0.8203624236220324 0.0
-0.900699008540254 -0.7477280580647143 0.0
0.6415462240644874 0.7509338519218749 0.0
0.7256067829465498 -0.29014457154028594 1.0
-0.36648715460962134 0.37589861199659547 1.0
0.35500574380099215 -0.05073814335777338 1.0
-0.11436446889826035 -0.6874582854450522 0.0
-0.2681887106473291 0.2930852266677586 1.0
0.06841387966734169 -0.22214452432416132 0.0
-0.7076125458225555 0.6505024723982566 0.0
-0.5770849554777606 -0.2905402302928619 0.0
0.4910900588374667 0.4626053063801072 1.0
0.895525775605877 0.2286960841914527 1.0
-0.09543163109547259 -0.5728252906689473 0.0
-0.41602832123798694 -0.7448940288208383 1.0
0.10719024775143127 0.719346548189832 1.0
0.31001472483722825 -0.7867739510004648 0.0
0.390260727326315 0.939982970116511 1.0
-0.5391376514983639 -0.9018753434919071 0.0
-0.19553940338728548 -0.39789693306211027 1.0
0.8089166145942486 -0.826075123580738 0.0
0.6491758376455663 -0.3824211180213992 1.0
0.16807869091492544 -0.7556175904531808 0.0
0.019831855786206276 -0.2439794714340935 0.0
0.9550211235729953 -0.5036700136682597 1.0
0.3266064452437314 -0.5764334839101164 0.0
-0.5532872863700915 0.46166621838919686 0.0
0.7558671391583369 -0.17924103739106734 1.0
0.5169230587071569 -0.31366307094265866 1.0
-0.5257076345254275 -0.7415411339380518 1.0
-0.7470005365398351 -0.17996127538269868 0.0
0.908539350794251 0.7354417742466977 1.0
-0.17078928917876635 0.6790980151058323 1.0
-0.6541219340708317 -0.8672887238033007 0.0
0.7410519983415402 -0.3126757763261343 1.0
-0.22218492005978874 0.2859775462818628 1.0
-0.07868014939257328 0.1867453089191633 1.0
-0.39954735537996444 0.9101000385477596 1.0
0.5726744281983531 0.34442847329124926 1.0
0.24628042499792557 0.3882205995754424 0.0
0.9569379592056979 -0.43852634514699207 1.0
-0.6384111734220808 -0.6817655347822571 1.0
-0.08000485744863295 -0.16421911384674592 0.0
0.8842537767058567 0.7892168671767656 1.0
-0.12501284458756268 -0.3871398529786778 0.0
0.9195416562343355 0.5744420343993548 1.0
-0.5320760993099696 0.8230843660153828 1.0
-0.4102666327789164 0.7270151679359496 1.0
-0.3032993699897608 -0.3855362347844544 1.0
-0.661918715550047 0.6409852644533707 0.0
-0.7034482842853635 0.3249052222626796 0.0
-0.3404978504155718 0.581668936152343 1.0
0.28194808245750824 -0.7022112719487672 0.0
-0.2585429482357675 -0.2421999149760803 1.0
0.7126255303896432 0.6117613625367286 0.0
0.467680213018123 0.5421412935452539 1.0
0.3940748480693901 -0.086302642365647 1.0
-0.4160559128224135 0.234388196609147 0.0
0.38893635226069856 -0.5204102520588711 0.0
0.1481005663529973 -0.6150459660450314 0.0
-0.41562138902243917 -0.9120994048107107 0.0
0.0452632394938135 0.6733025924693483 1.0
0.5054420850939534 -0.1743037913929011 1.0
-0.9450429431939784 -0.17925151290105834 0.0
0.7755130357821389 0.19389168574394744 1.0
0.08489186026913487 0.5011249677576948 1.0
0.906324665817712 -0.4105381693519885 1.0
0.09203216926708024 0.20216433756554109 1.0
0.7476345017757255 0.11207579368168585 1.0
-0.908350056715763 -0.6806956848708383 0.0
0.42493865250182683 -0.3933259913693117 1.0
-0.906931011691074 -0.13221848111599166 0.0
0.7801967474856206 -0.40384526448004365 1.0
0.8561378523471657 0.9377151896702927 1.0
-0.5127982752246498 -0.056232688656750573 0.0
0.9629679989307163 -0.9659530257513829 0.0
0.8545837503247433 0.30003427535366356 1.0
0.5983888424731003 0.6646400665815175 1.0
-0.758905857416317 0.2206357999903512 0.0
-0.854102927923039 -0.6724810847077216 0.0
-0.9242739478976421 -0.584213711175283 0.0
0.6951878879610707 -0.9557484425395202 0.0
-0.4968729206584521 -0.18040725249285283 1.0
-0.45450519344328955 -0.5031552835010493 0.0
-0.08359170263620541 -0.8775975447734423 0.0
0.293254989517854 -0.9015572932412115 0.0
-0.5294614676199245 0.8057639379617962 1.0
-0.7008603214988121 0.948137882086443 1.0
-0.6165809738239778 0.18537957980618702 0.0
-0.9735390590922 -0.9202549346581832 0.0
0.22839145969447427 -0.8135844522233617 0.0
0.24385487413121898 -0.662477184157003 0.0
0.9611784702849597 0.6314686778334504 1.0
-0.5990975698820864 -0.3735192197764887 0.0
0.43281470298303093 -0.3617960285892854 1.0
-0.5874589925483678 -0.4568181390469088 0.0
-0.45446840007386613 0.6185788433424118 1.0
-0.6995067930885259 0.784086491219965 1.0
-0.43925851067502086 -0.25713477988987 1.0
-0.9107941068228682 0.8997570179892211 0.0
0.6951751263396524 0.4795850336057301 1.0
-0.7411210061327269 0.6198032075759556 0.0
-0.6427990291965491 -0.981409556267052 0.0
-0.34025540513817853 0.06579142180383646 0.0
0.34452550893473943 -0.941982361324986 0.0
-0.17425194181895876 0.37945379767754917 1.0
-0.6551757673191327 -0.5368973840671318 0.0
0.6973192106269446 0.9077701691743185 1.0
-0.9763001055930218 0.5084664358864877 0.0
0.8655351750499682 -0.8960228089404558 0.0
-0.18167705321062821 0.5347867715276045 1.0
-0.987922541626949 -0.991872178144475 0.0
-0.9226663718758052 -0.9302959359275966 0.0
-0.9556817694126607 -0.3481172584150023 0.0
0.6547244646614698 -0.2788455064865809 1.0
-0.20819576029307174 0.43175773255983385 1.0
-0.49005733087440695 0.4051537508719347 0.0
-0.13618421690769633 0.5138567628255035 1.0
0.08425402584603847 0.7218118909273179 1.0
-0.03932865644568717 0.8222827408100724 1.0
0.5795800458809806 0.6640862683787478 1.0
-0.24962757177519035 -0.9305456564710461 0.0
0.5386790444762328 0.15200420528325176 0.0
-0.7689520527739784 0.3313477670528615 0.0
0.02494110975116559 -0.9404087026173487 0.0
-0.4292467037326797 0.7116788070201334 1.0
0.037313478109557874 0.8985302534270274 1.0
-0.9184703382544888 -0.8872433152418551 0.0
0.0025579495184488987 -0.29728335776171155 0.0
0.3615608588147545 0.4563746250076681 1.0
0.7592570098429576 -0.30904737551484374 1.0
-0.517085523782109 0.6342227128754048 1.0
-0.9233362700820742 0.875109938879026 0.0
0.8679861554895141 -0.4543542654816506 1.0
-0.6775561474045608 -0.3500521703133037 1.0
0.1130320691566713 -0.27792093822926933 0.0
0.15416902344724925 -0.4580897512026838 0.0
-0.032171449186712664 0.9825054045111832 1.0
0.7166432125768245 0.23685729414346812 0.0
-0.7117641552547931 -0.811398295026768 1.0
0.027930467922898217 0.41841532184266694 1.0
0.27598021866357714 0.7075803387718231 0.0
0.6975159951363823 -0.8761886906961209 0.0
0.6355941885271912 -0.915250148822015 0.0
-0.23340261656153483 0.22895042521902464 0.0
0.05201117195439542 -0.71991518088416 0.0
0.9394925194675241 -0.3701804757594487 1.0
0.5343537808877445 0.06438436083586829 1.0
-0.34040922433953336 -0.6169581059649991 0.0
0.7106281759780615 -0.33394663929642543 1.0
-0.06640305435087068 0.6130465378141372 1.0
0.9678069922293062 0.10883483029605645 1.0
0.7349254132644765 0.5182611249075881 0.0
0.7698011130022262 -0.36688922451578176 1.0
0.49244449820734704 0.7324810341172283 0.0
0.594290670095412 0.608726667656899 1.0
-0.7590626169599402 -0.5665677637956676 1.0
-0.920744913318287 -0.7335894647549994 0.0
-0.47765271698252065 -0.8043491665878622 1.0
-0.046365161287134304 -0.17509393681344076 0.0
0.03564150233630081 -0.27771784881117734 0.0
-0.9989269915781585 0.7798381276054003 0.0
-0.5492181211211318 0.04116483330056453 0.0
0.402929022815673 0.5656390965655891 1.0
0.6369065398390898 0.5756273047840901 1.0
-0.8557911384560384 -0.5585724054514256 1.0
0.7952741140374509 0.6180598458024593 0.0
0.6202780441709408 0.6366383998791771 1.0
-0.09364081023009829 -0.34977494234797213 0.0
-0.6046060817186314 0.945415930923523 1.0
-0.5165656308913906 -0.9354924031098037 0.0
0.9743986932732025 -0.9731907288307431 1.0
-0.45381762990491303 0.8584406784637089 1.0
0.8174989324821749 -0.8915237638218543 0.0
0.2974323502015386 0.1717995325070827 0.0
0.39950554743292055 -0.7822056458143651 0.0
0.9087174647940828 0.5120791949245278 1.0
0.881161860705689 -0.22935641213819813 1.0
-0.7229166024870393 0.7402565221034676 1.0
0.19809584533025926 0.21572426784214982 1.0
-0.6124266093242412 -0.7409464515799462 1.0
-0.73311318640189 0.03320835160143121 0.0
0.9275710778569315 -0.17370545657488923 1.0
0.652639771183938 0.6939338086702149 0.0
-0.46502491128875634 -0.12010544440760151 1.0
0.9807360515835883 0.864534842737186 1.0
-0.007959450749601693 -0.21249961611269108 0.0
-0.7163996985436769 0.8233756956725204 1.0
-0.6831555510969585 0.8966774170794052 1.0
0.012092627480101648 -0.3741991122060413 0.0
-0.750941341407819 -0.030397018620569316 0.0
0.07348584406284919 -0.5302694885079204 0.0
-0.6291051392063971 0.23376140084587282 0.0
0.3059161600099216 -0.6458138300945828 0.0
-0.9327707456394219 -0.1785468517528317 0.0
0.18353683496120854 0.9279931761591591 1.0
-0.4660853528215325 0.6122341875463682 1.0
0.5554770789681958 0.6400396721899071 1.0
0.9904221631242089 0.8649056572527454 1.0
-0.9001509773233427 0.00020959601617009938 0.0
0.8813587769251983 -0.2148967934961692 1.0
0.6357732048556546 0.08391468527243329 1.0
0.5814074474489337 0.31731338873748793 1.0
-0.3862179056665136 0.06762465515836413 0.0
-0.4469272098745565 -0.8710935313587882 1.0
-0.799173345088193 -0.9376605289560702 0.0
-0.09355768999699188 -0.5317608223236983 0.0
0.07171172286796823 0.8695924367467751 1.0
0.3889679026342763 0.7351100297226629 0.0
0.8720993083800317 -0.9825675295625533 0.0
0.6495686001489012 -0.6362622271775065 1.0
-0.17140456709689422 -0.9012186869301164 0.0
0.39312283144029525 0.5029267541884685 1.0
0.03453628637322148 -0.24120510940963746 0.0
-0.016914654500551407 0.6218119288422177 1.0
0.3176584072771491 -0.1410201806473539 1.0
0.5414694174508314 -0.4896985546489996 1.0
-0.49785274000331325 0.4077190635884249 0.0
-0.45365586114459244 -0.8355450808929787 1.0
-0.7091220991821345 -0.6488465686438343 1.0
-0.22399021570145106 -0.7830391454478483 0.0
0.2992526528818287 -0.7286305998439366 0.0
0.9219831608823392 -0.5353843322309801 1.0
0.05675559100055039 0.3992487030766243 1.0
0.3524825999655621 0.6072235262921553 1.0
0.3014181055487213 0.6275134622827994 0.0
0.4750175453728589 0.5197379538213691 1.0
-0.28046358012834194 0.31960052626405466 1.0
-0.09894935729987453 0.935296506750769 1.0
0.11484248535444741 0.21180986131640478 1.0
0.5195718440081822 -0.45849449966443023 1.0
0.9687546940703919 -0.9933388860165762 0.0
0.3596586530756549 -0.09830235945401133 1.0
-0.091877882002529 -0.3065258844550005 0.0
0.9805107111816491 -0.3536705937604687 1.0
0.6512705516836217 0.396858935002377 1.0
0.07182167166919684 -0.7288564473740691 0.0
-0.24605552207318437 0.8560959688600553 1.0
0.1006634077312345 -0.6804299134113136 0.0
-0.48996336376088134 -0.28074325653779875 0.0
0.9422638040029725 -0.5662349566708769 1.0
-0.7547553154978355 0.0740678618882018 0.0
0.7114506218901431 -0.8404429398433735 0.0
-0.0009795886412653498 0.9773666985030594 1.0
-0.12370299957669828 -0.5685432279569365 1.0
0.5221303459816198 -0.06251103815159187 1.0
0.28061511314932286 0.8520353986436948 1.0
-0.0837451369077098 0.644025656098538 1.0
-0.7421271944671481 0.3157002849795263 0.0
0.34908508909483027 0.6264426357576995 1.0
0.06020249985530923 0.1500403217854529 1.0
-0.21769034058249548 -0.20330889505529548 0.0
0.8786760909778286 0.4906604288332561 0.0
0.2656497004967495 -0.5524484026682952 0.0
0.5261853160348338 -0.5402120778830579 0.0
-0.8509607748761594 -0.11390582743907274 0.0
0.24358868542530998 0.6229513358492034 0.0
-0.44557894283161614 -0.46121520688890105 0.0
0.5801757313469629 0.5563022637507615 1.0
-0.5394928889253361 0.21087822667464873 0.0
-0.3370137028985849 -0.4031980875456431 0.0
0.08447462356195512 0.5182798646114457 1.0
0.4629830715305234 -0.5963121066654649 0.0
-0.4591544714425786 -0.6976694756037449 0.0
0.4248997104976038 0.3648577136569999 1.0
-0.14158198440564096 0.5993679311808331 1.0
0.4041107980191474 0.32778813965381093 1.0
-0.1267184143013098 0.560450041617566 1.0
0.31800908400394046 0.3270833509069493 0.0
-0.8470332234127576 0.010491604981688107 0.0
-0.5434126055051913 -0.6881950840175777 0.0
0.05785782540175166 0.6348626481893511 1.0
0.8152017622818879 0.8026373237064861 1.0
-0.659279479437269 0.8304094245555222 1.0
0.6473704414540451 0.9628801826987732 1.0
0.12484262148446135 0.9070298497308751 1.0
0.4089378624221489 -0.1348166297067177 1.0
-0.7100259172813808 -0.3642976218730829 1.0
0.050256746995710255 0.3810872976788213 1.0
-0.6383186908818264 -0.6748284456321332 0.0
-0.23342205953405593 -0.37632138544551763 1.0
-0.8739332189901128 0.9397292572257536 1.0
0.7799629529169576 0.5539264710622556 0.0
0.9078153632732817 -0.9042308978558977 1.0
-0.42567337046963916 0.7220426640969608 1.0
-0.2209799548721243 0.7259663422389515 1.0
0.9259114858789967 0.3936817398600292 1.0
0.672820227740146 -0.9728356879926847 0.0
0.9075970420643704 0.5001099793608654 1.0
0.8622073628447153 0.9901208387707701 1.0
0.2064161154612667 0.4436438725588949 0.0
-0.8299990007599571 0.05604304103637148 0.0
-0.3985115823853269 0.9924018555206224 1.0
0.5248527109235721 0.8568157386280197 0.0
0.8586929295971606 0.18632581442083773 1.0
0.2437483238615772 0.3856956165614376 0.0
-0.8397025675571055 -0.33249860260270725 1.0
0.3595304994534463 -0.9053951374299272 0.0
-0.8728876406025847 0.4055717229308733 0.0
-0.48496305981880994 -0.23215330126393807 1.0
-0.6925742048923245 0.7500990116166693 1.0
0.40744489781461213 0.42302346975755034 1.0
0.06683504427611986 0.2734588197155381 1.0
-0.40842031751957575 0.08117096080584885 0.0
0.29578718970029905 -0.8290355494285226 0.0
0.7498807668987799 0.7383497757943169 0.0
0.3589525008973449 -0.22286609091853915 1.0
-0.32844690798397336 -0.3021683384512044 1.0
-0.9908385646591851 -0.11611150863778485 0.0
-0.6054126738475005 0.3515618878657272 0.0
-0.0870023488649121 0.6471305177819597 1.0
-0.9889501829743801 -0.7574506575142326 0.0
-0.5256954668382665 -0.5762438892738646 0.0
0.7158308989504416 -0.5765178152315258 1.0
0.6430367006243052 0.14749760090432762 0.0
-0.9347032760908558 -0.04287456928288069 0.0
0.19753800641362362 0.07839171555574542 1.0
0.9664753039027896 0.6297395026802945 1.0
-0.30621120122772916 0.4597667089708104 1.0
0.8435509609850278 0.913215939782315 1.0
0.03328229912027103 -0.13874691216828627 0.0
0.6382277589469751 -0.8925322374661684 0.0
-0.8348382286165581 0.5432862461537726 0.0
0.20788287790467042 -0.4204399110397674 0.0
0.2692626034365997 -0.9384740982517883 0.0
-0.14165637649711682 -0.00580394132865214 0.0
0.793369891464615 0.1021926696434039 1.0
-0.12097135186735652 -0.34599794139343776 0.0
-0.7399649393087551 -0.25013937072354575 1.0
-0.6689287131873176 0.3362017050950292 0.0
-0.31468878767040853 0.22606735196883943 0.0
0.15514556540036928 -0.25445922161060675 0.0
-0.2340696967664997 0.2973821365072298 1.0
0.7707701891009653 -0.18326850013947094 1.0
-0.9377922102098537 0.6004028899962153 0.0
-0.20966492272918802 -0.74250252739424 1.0
-0.12114787714093134 0.7082319842519733 1.0
-0.6131601779137115 -0.11750360354607858 0.0
0.9146496834522224 -0.6487523234337265 1.0
-0.3385154089011311 0.8122455527957084 1.0
-0.6302462254545875 -0.06391449597555376 0.0
0.7290239608634501 0.7314023949698789 0.0
-0.27189890976445996 0.1402041143324282 0.0
-0.9298017208207916 0.4697323488306502 0.0
0.6394068232437666 0.28047534700956356 0.0
-0.5223627378521774 -0.22991882898450422 1.0
-0.12104428062785688 -0.9028314589490278 0.0
0.4586572709248149 0.8453359567916245 0.0
0.7730974144282716 0.7671561715639594 0.0
-0.16577971836198713 0.9752795452060743 1.0
0.6189168207189 0.07218553274626771 1.0
-0.15100431078688992 -0.5849514348530902 1.0
0.7896424657963508 0.4414886235779856 0.0
-0.1679312398901578 0.7906676288551369 1.0
-0.6172185741715863 0.19197401057005226 0.0
-0.3138586679243991 -0.6451004279204242 1.0
-0.6552885422186334 0.8301661886480649 1.0
-0.36026039944643684 -0.965204998728399 0.0
-0.09621976559647027 0.06677069025321924 0.0
-0.6714172309660287 0.3377883647205817 0.0
0.23959460080724915 0.3787152331735235 0.0
0.7107633964397924 -0.7221303053882273 0.0
0.9742666627381318 -0.28565687982164123 1.0
0.6487902720753032 -0.36516883947659506 1.0
-0.6988415824249714 0.2570456974204449 0.0
-0.12387642128712328 0.928259998384535 1.0
-0.6917639211423103 0.17535175741802922 0.0
0.5724045957485209 -0.22811919187220897 1.0
-0.25653025753547753 -0.8383465760632711 0.0
-0.016110608712661234 -0.35514924129068604 0.0
0.1908194117723372 0.7198054967534131 0.0
0.706744753050057 0.3972099999900247 0.0
0.5211395046740668 -0.6158617090354592 0.0
0.2824453989896001 -0.41107251886562857 0.0
-0.7806376981423042 -0.34461842949195165 1.0
0.06904222193877674 -0.0914176253240977 0.0
-0.04143249858667808 -0.8921888735688877 0.0
-0.36081920441148063 -0.7172119761966151 1.0
0.24668081022470623 0.8528876875387537 1.0
-0.5692286965956741 0.016429939659348136 0.0
-0.789181620793826 0.6963580111724319 0.0
0.5877064852879603 0.6823278048740113 1.0
-0.005297416256326848 -0.2100365809843645 0.0
-0.3949132789144423 0.3083216600518406 0.0
0.19988672879806568 0.7993792411612095 1.0
0.4906456210225172 -0.5351378084603524 0.0
-0.752032054723131 -0.8673826659270856 0.0
0.8587622525673735 -0.6158706878235418 1.0
-0.8360608741183282 -0.8782814421415603 0.0
-0.36467367584106314 -0.4117523181123921 0.0
-0.9960056771762893 -0.9825009169689234 0.0
-0.26117792816927143 0.6809349022229547 1.0
0.38744812196981093 0.5376370289806629 1.0
-0.2504605297836353 0.02514964262003505 0.0
0.8195958848058451 -0.21169909438482293 1.0
0.9184403417683968 0.3407882760386096 1.0
0.4781940748707434 -0.14107532338402984 1.0
-0.15216782203588042 0.8727812729632194 1.0
0.7952944676261677 -0.19900568549042563 1.0
0.4277366452539302 -0.6243362344773691 0.0
-0.788394053086261 0.4051817867986498 0.0
0.633742584518733 -0.38900263457837236 1.0
-0.0858766578369301 0.3315578437171047 1.0
-0.5291255402045612 0.5708292725705226 1.0
0.42863371518889615 0.7089859202034245 1.0
-0.018754848868868468 0.950247097010553 1.0
-0.5156223369549349 0.3854454749236902 0.0
-0.09320086150946882 0.6193569976045123 1.0
0.9484318032911061 0.6745407971327817 1.0
-0.18843875391439813 0.6778597686084644 1.0
-0.35678359128210424 0.773399355142274 1.0
0.6600709063912737 -0.031252843101959416 1.0
-0.8990134518202133 -0.04756804025178707 0.0
0.42681163414588963 -0.6771662509792526 0.0
0.9705023245357156 -0.938454825814147 1.0
0.6475154991201137 0.008156630809722731 1.0
-0.691404382518243 0.34003013748384636 0.0
0.6151091480519539 -0.8820528360673316 0.0
-0.6695934615614545 -0.6741304778752086 1.0
-0.7037388444763886 -0.7137306631773759 1.0
-0.6057344861568457 0.32878656840277176 0.0
-0.2500217074633273 0.7771973202896447 1.0
-0.5215546924974799 0.7222300521087228 1.0
-0.9811772535550409 -0.5018063431629367 0.0
-0.9032175285815229 -0.7815843767861863 0.0
-0.33433757592791613 -0.1187098706232892 0.0
-0.18422400981761355 0.7688877239268936 1.0
-0.7833519290646367 -0.4199506893825833 1.0
0.6687688056660119 0.57830494459383 1.0
-0.49538105391402065 -0.060135116841675496 0.0
-0.3380574530634035 -0.05929383507367003 0.0
-0.9065145883867951 -0.9167487659579772 0.0
-0.4634573291004369 0.891202662730842 1.0
-0.578780449381961 -0.16041020199634493 1.0
-0.7637132699813796 -0.6795146467446462 1.0
0.45991847779147554 0.38107240023543154 1.0
0.26981444532545096 0.13285530103812215 1.0
-0.45513761507232986 -0.9894119201468494 0.0
-0.894239547161878 -0.46146994252258855 0.0
0.0025821730948163424 -0.028559650839407036 0.0
0.9161839381568506 0.9582243161710009 1.0
0.04540908385689346 -0.14242202642281243 0.0
0.8828159700887712 -0.36887909924825313 1.0
-0.3025101353238153 0.3275731906206141 1.0
0.3289402769727958 0.8888707819273101 1.0
-0.08340411150068894 0.5075996218081269 1.0
-0.7493852632278468 0.24564789648833507 0.0
0.47987579123821567 0.3823434318180863 1.0
-0.8877978679326644 -0.4922761634343855 0.0
-0.842396754213129 0.5445021781730073 0.0
-0.7722814391741748 -0.5309576724348741 1.0
0.36755648433162547 -0.07073674929113993 1.0
-0.3312440552003195 0.7683387793113674 1.0
0.5436896892923029 -0.3681083950873463 1.0
0.9554480556436684 0.23112299619117893 1.0
-0.0590065180132171 0.1010475463382483 1.0
-0.5155334013551762 -0.8620371345041935 1.0
-0.9161392806799229 -0.9838897992943907 0.0
0.04333999975839786 -0.9846312353910032 0.0
0.6963427086796019 -0.9488203030469267 0.0
-0.8292270294007791 0.046270787962254145 0.0
-0.35044787287953794 -0.25232831519440846 1.0
0.6726194276710367 -0.11591435947784157 1.0
0.04029809382909422 -0.39290382294562476 0.0
0.3839024093364103 -0.28850965678111695 1.0
0.4116136547025344 0.5846285672647782 1.0
0.9274390448994239 -0.08620328681221534 1.0
0.7948583090877119 -0.25269433430557653 1.0
-0.4836120513307849 0.23443983468996832 0.0
-0.05696975627795031 0.047169525704547466 0.0
-0.9293663864092836 -0.05939884400519646 0.0
-0.7903054492867501 0.33091983116749923 0.0
0.18327439157754655 -0.4581899694761984 0.0
0.4157411547880969 -0.8080090620758795 0.0
0.4907074199916259 0.639390237052265 1.0
-0.7605132209286571 0.6516148317118615 0.0
0.7956974835014852 0.42982027398624423 0.0
0.38081316192437464 0.1364078200077603 0.0
-0.04623231765323177 -0.19303033414844672 0.0
-0.6587567681825661 -0.7718690579082919 1.0
-0.1725644170563232 -0.9310264518851532 0.0
-0.20605741029223235 0.8551065968447733 1.0
0.031143634049575875 -0.14220885167849162 0.0
0.902825885999351 0.1886463424106497 1.0
-0.8725846787797262 0.5006788917660305 0.0
-0.5045305719069124 -0.010802248423173344 0.0
-0.5548143880959637 0.5454412793497005 0.0
-0.7985726660938539 -0.5486092225618999 1.0
-0.7037156877103758 0.18635905982954948 0.0
0.22595380958170197 -0.421407310436976 0.0
-0.8486940043067648 -0.9836592699822315 0.0
0.3913395409495155 0.38156774416691275 1.0
-0.9801500424247647 -0.5114183516125097 0.0
0.9729893502148432 -0.7675658032176855 1.0
0.41332359533925156 -0.5547058717163305 0.0
0.277187378504004 -0.8821876187217301 0.0
0.7469321353258549 0.9741131124036906 1.0
0.5750388906707673 -0.38635065320779605 1.0
0.7738947970453238 -0.34560849961019247 1.0
0.9143725223657102 0.1934365854808766 1.0
0.653401198981576 0.9378039328719205 1.0
0.6899520522687814 -0.446771218086768 1.0
0.44843967163990284 0.9244540849018801 1.0
-0.505242852397807 0.7613075405894583 1.0
0.6097790353245616 0.196373934611624 0.0
0.7344198837706732 0.43158221429880705 0.0
-0.7067295106400358 0.0022924975550560056 0.0
-0.8571787971521798 -0.1106797293715378 0.0
-0.6909341879284832 0.7399754029969201 1.0
-0.5858467990592497 -0.9292971006045043 0.0
0.9100954007563635 0.1743872045480639 1.0
0.28921251447963336 -0.3215328290079056 0.0
0.07846089436440584 0.8748335200759112 1.0
0.6775599403479344 -0.3945535024053253 1.0
0.8077640281521046 -0.022154253342175245 1.0
-0.253271079711622 0.3171941218926686 1.0
-0.5195753502835698 -0.6907509872711772 0.0
-0.1328837908415481 0.866893994861309 1.0
-0.8541982889993514 -0.6787626186539415 0.0
0.19787614333969294 -0.5897064609747609 0.0
0.24326460652953052 -0.26980356791648363 0.0
0.008722650006949273 0.2536910871431224 1.0
-0.550116555272316 -0.1278248134560056 1.0
-0.26665982492164875 -0.7707052311867257 1.0
-0.30930777897422557 0.9323896249212491 1.0
0.09121299931733384 -0.4209109526183963 0.0
-0.7335236039674795 0.33997643703327185 0.0
0.6326035578941691 0.10404349557972781 1.0
-0.7856184886826059 -0.0480575624662829 0.0
-0.6657125309080376 -0.8077937429488149 1.0
-0.9284961095180377 -0.23071233906776634 0.0
-0.45816746843284695 -0.4056825788231846 0.0
0.47163996364852245 -0.4727167193142583 0.0
-0.5900528975051662 -0.5728838765831905 0.0
-0.2937646572126693 -0.997950202497077 0.0
0.030283207886621977 -0.21293640224828247 0.0
0.20299311469641212 0.6657793200534072 0.0
0.25565067752227244 0.9259536738890597 1.0
0.5146967901553614 0.5753628959114274 1.0
-0.1362616283609639 0.6369571491938042 1.0
0.9493345043730457 0.543021869113665 1.0
-0.9162317005562388 -0.6222356283986217 0.0
0.3613945507336218 -0.7164513080774177 0.0
0.8146323247559204 -0.14179092448502129 1.0
-0.9212058340528895 0.9853874457221969 1.0
-0.9778591009300739 0.1936510409280643 0.0
0.14327328793841243 0.23114807041784835 1.0
0.9354030853501625 0.9696814562911911 1.0
-0.5502596540677958 -0.9935542124570311 0.0
-0.894473804354651 -0.7932333352375092 0.0
-0.8185893303925902 0.44282770986462006 0.0
0.5273197807956702 -0.5561513429097682 0.0
-0.9396222191877293 0.366280341482089 0.0
-0.9073963003526744 -0.44100921286010974 0.0
0.7140130215322391 -0.9669827006705898 0.0
0.25904704063667006 0.19632648538806996 1.0
0.5830623358127713 0.43650486545167455 1.0
-0.31607415101181013 -0.8263466042158532 1.0
0.14804325791943906 0.10633235465376778 1.0
0.9427726742984945 -0.5385656294756485 1.0
-0.881424962014377 -0.20503828097569943 0.0
0.9427317920671685 -0.959876309690612 0.0
-0.09019651319906097 0.5563620669053624 1.0
-0.07019220808758653 -0.2891396488787916 0.0
-0.0032441230418795985 -0.658376735821286 0.0
0.02289551727034156 0.5514872254562733 1.0
-0.5985473336255287 0.775371922783253 1.0
0.3032796419242203 0.8477309933834807 1.0
0.47039353206815804 -0.029536771291118757 1.0
0.7673269526882487 -0.992193228500353 0.0
0.15052904414902168 -0.7402862179936984 0.0
0.24204386347777218 -0.8857990722567735 0.0
0.5055840257610695 -0.9991841324768571 0.0
0.6749043789258571 0.5788226307738062 1.0
0.9846157019557844 -0.26314261267474715 1.0
-0.17766359965905543 -0.7551343359140017 0.0
-0.03482010194242169 -0.058215991185537996 0.0
-0.16258187356239895 0.2779007667828788 1.0
-0.9659210655151456 0.892368451189286 0.0
-0.9829550964316678 -0.054028987666449924 0.0
0.16549827548527563 -0.21221083976175747 0.0
0.9472958413780412 -0.9695190321664147 0.0
0.9726493335628439 -0.8658259472513217 1.0
-0.7271174069972015 -0.6061200723079265 1.0
-0.6987474074115203 -0.5947883163854468 0.0
-0.09197685064379657 -0.22313900987476587 0.0
0.5001861916823165 -0.2714150303103522 1.0
-0.49712800000218293 0.9745565527004934 1.0
-0.716746744284761 0.8100165586172894 1.0
-0.23026773706092007 0.2879446354929245 1.0
-0.0024647546149108024 -0.8212069826419712 0.0
0.23916795888554532 0.07830597708553921 1.0
-0.06331941964770049 0.9355336049386636 1.0
0.12116385278721697 0.273479550138384 1.0
0.2669397121191899 -0.7552432006048426 0.0
-0.7216539119353762 -0.7221297569687677 1.0
0.46602666428921147 -0.22605881029362096 1.0
0.8535930051725871 -0.24820738757573024 1.0
0.8319130249377207 0.587122408131382 0.0
0.1322761644904058 -0.06549663176062093 1.0
-0.6529742752756149 0.05293480352648361 0.0
-0.6653220464791645 0.11281399774778778 0.0
0.32080229994606335 0.9726623668339827 1.0
-0.022392186552763205 0.8506913756224961 1.0
-0.2921297557402458 -0.18037187680620614 1.0
-0.5343843676618993 -0.7464564514204632 1.0
0.5989990885434651 -0.8627613611163976 0.0
0.6321133639682237 -0.48508101693841477 1.0
-0.7845351133397784 -0.08556321209985485 0.0
-0.11307703113619816 0.41999755232522507 1.0
0.6302887804258956 0.8109802346936437 0.0
0.1198969562003076 -0.07546604390824707 1.0
-0.7209620140914683 -0.5890194615183166 1.0
-0.5246107206892978 -0.4055316605164021 0.0
-0.5336021985391899 0.7609148162943888 1.0
0.00575654870079223 0.9036319090375959 1.0
0.7198206440560564 -0.10445683419085583 1.0
-0.6766317312756513 0.8219113146756427 1.0
0.2108389138838218 0.2191986729896811 1.0
0.03699245535891227 -0.5176265240724596 0.0
-0.27139593473818824 -0.0776031377727906 0.0
-0.5757572500530299 0.5067309774289557 0.0
0.7304391216971662 -0.38993198282430463 1.0
0.5988722997237641 -0.36510629825500174 1.0
-0.15546058324352208 -0.5489040958807134 1.0
-0.0828435324593968 -0.9245992094108586 0.0
0.7271907866358736 0.7673784441747824 0.0
-0.9136411892428158 -0.8393903461082408 0.0
0.9010784427378349 -0.7509218610726691 1.0
-0.8551416333566741 0.8209817989008736 0.0
0.517604917859187 0.693438627812947 1.0
-0.676457101506903 -0.5069039761191381 0.0
-0.8291655649198251 0.01007111373652636 0.0
-0.5206354001631925 -0.03388389051075413 0.0
-0.3086663868338291 -0.5800839001915203 0.0
-0.46618338433072704 0.8945142787526692 1.0
-0.8014639448293228 0.06972313758594217 0.0
-0.14815819876598035 -0.37605046041248524 1.0
0.6056569106551581 0.8869728303500368 1.0
-0.42793984840034227 0.5976074958357156 1.0
-0.10464741357456164 0.7392203390484504 1.0
0.9544805960586964 -0.3374522910106348 1.0
0.4501485889376178 0.8103466465906386 0.0
-0.5058666859274605 -0.6416467020812455 0.0
-0.295008435185359 0.3028673891143858 1.0
0.39718963715829747 -0.6749848486150023 0.0
-0.7898217154719618 0.6987511761300678 0.0
-0.9542815554427899 -0.6119649171126762 0.0
-0.16330997723597407 -0.6415623389702652 1.0
-0.8501874127056441 0.3894560307065853 0.0
-0.41310113370074486 -0.8234340826599391 1.0
-0.9551651108732162 0.6755222234726039 0.0
-0.8106027974782801 -0.35569555372491757 1.0
0.10436751380728748 -0.08818159863090624 1.0
-0.6700943934664665 0.3739940063145386 0.0
0.44302077715499943 0.09195654181915724 1.0
0.8784659494309435 -0.11323596325742158 1.0
-0.03893168434395311 -0.241668547209132 0.0
0.3734352104198271 -0.14568048988008142 1.0
-0.027419122985644417 0.47164023685486467 1.0
0.12787087950723675 0.04417376999311906 1.0
-0.2404544873393728 0.8917874881729806 1.0
-0.4894508027940181 0.265988964851273 0.0
-0.7384302154450972 0.4339074735870321 0.0
0.032301010496874616 -0.85612130633574 0.0
-0.6363679871422063 0.16406870626482495 0.0
0.8062326537857452 0.36319242131539564 0.0
-0.24817290597414643 0.7030997035681528 1.0
-0.5258096153733556 -0.8852411055752034 1.0
-0.2083964968383718 -0.8425396644867884 0.0
-0.03672226812981316 0.33230813558584327 1.0
-0.8031175178589749 -0.5655752776528051 1.0
-0.7298581848615553 0.5380266832467218 0.0
-0.3432076134741344 0.17590883476001684 0.0
-0.9481746689460773 0.21113096279542032 0.0
0.5024026440074609 -0.6729370128871999 0.0
0.9995781798186594 0.6334655819730761 1.0
0.37850967419713855 -0.2671839827071425 1.0
0.20295857069775147 -0.13020342774390303 1.0
-0.22557331227873134 -0.5264651555358677 1.0
0.6695994262244207 -0.891635564472941 0.0
-0.26515090580728784 0.10612406458942614 0.0
0.83575304192205 -0.12981988949683587 1.0
0.5170676521384943 0.2717041719387778 0.0
-0.8821691947021528 0.24429451788108336 0.0
-0.640105679616283 0.8380928395219778 1.0
0.45412920700168113 0.8338550457360592 0.0
0.4886129147088967 0.6261966545721855 1.0
-0.11484653482537821 0.6877906246376364 1.0
-0.2702996161706799 -0.4943429544531981 1.0
0.6721760892471329 -0.10789569007304722 1.0
0.324373606596269 0.9503793954293769 1.0
0.9923459237526717 0.9576513416942192 1.0
-0.40664781685429596 0.31108232493910526 0.0
-0.11513034537156996 -0.49739635760606515 1.0
0.9865389793289894 -0.8563000338876645 1.0
0.8626536028119292 -0.33810112894436917 1.0
0.19434334429911515 0.32186939472498954 0.0
-0.8324109207565908 0.8378536276788444 1.0
0.8415563173381211 0.6339926736807879 0.0
0.033055812564956044 0.08616350166350606 1.0
0.6653576770569047 -0.8232262143449225 0.0
0.5040835814826012 -0.6988232100321445 0.0
0.46683390430663296 -0.3718177754197063 1.0
-0.8571023786719649 -0.1840587050827811 0.0
-0.5416029471401118 -0.3262005728096149 0.0
0.4366462324655389 0.16421679381008958 0.0
-0.655075599879781 0.6725392515927477 1.0
0.5891893726495376 0.13341814221005577 0.0
-0.6338082796593736 0.5672846494369932 0.0
0.402766010346717 0.5874891593202269 1.0
0.7813792107024811 0.6881971363565582 0.0
0.40736335771223353 -0.44190863868861885 0.0
-0.12954653562907836 -0.8719593226765181 0.0
0.5516688730459371 -0.7792117674109231 0.0
-0.4919621239152254 0.5282927318152766 1.0
-0.599813913973418 0.8182648407000717 1.0
0.154680642963694 -0.6006187820470481 0.0
0.2766256911983631 -0.8499460889805313 0.0
0.6491748834336368 -0.31510468374960876 1.0
-0.6531047763833262 0.7304694063682007 1.0
-0.678762644817966 0.5519900478389861 0.0
-0.609612385903149 0.5430004864079454 0.0
0.4050316407266472 -0.6859753299828926 0.0
0.4934078231524295 0.11135702808041725 1.0
0.25109538881752935 0.39768753132324 0.0
-0.7829377878722952 0.11316036711085142 0.0
-0.28912344634301435 0.9457563434282215 1.0
0.8381803150414588 -0.15790906925282422 1.0
0.15143012009900914 0.17121542481532304 1.0
0.8934964083404415 0.12178487020636708 1.0
-0.16176497837680315 -0.7003347635554042 0.0
-0.8730334778692286 0.1443080025768384 0.0
-0.5387054296392122 0.37075729039705596 0.0
0.3574652758359733 -0.6122767580301782 0.0
0.11609541852846705 0.2235504156375192 1.0
-0.6341333671800196 -0.7181794113445359 1.0
-0.2073012881550078 -0.18543217998250183 0.0
0.9302083443532239 -0.8609393532048197 1.0
0.6647505393079065 -0.9986965801990719 0.0
0.1908453355161681 -0.4884310048782341 0.0
0.7751080559134784 -0.1879800410314687 1.0
-0.7970715556703922 -0.22548174034320212 0.0
-0.21080790777035263 0.10225313867878727 0.0
-0.31181322022379265 -0.7933051761588115 1.0
-0.16305095786596113 0.33614158364712443 1.0
-0.22991734065240244 0.9023136804316751 1.0
0.6506175802927627 -0.1675227106111412 1.0
-0.4874463546724064 -0.2565915344504479 1.0
-0.19760453780422949 -0.051678911782899295 0.0
-0.7690980034601562 -0.7867483584254669 0.0
0.4194928659765125 0.958499483565268 1.0
0.6084701281351772 0.7601394921946485 0.0
-0.4150233248549524 -0.9626329519678514 0.0
0.5383510368162288 -0.42155911048929284 1.0
0.028114725786222206 0.5182893315938577 1.0
-0.5393234653685763 -0.2622660453765404 1.0
-0.44688222345431305 -0.946579767868958 0.0
0.07886816342590253 -0.31507022035901655 0.0
-0.45320350342486715 0.8093128818166369 1.0
-0.1732998985687535 0.8461444244158973 1.0
-0.355439029629782 0.8319517505496237 1.0
0.19024063221280718 -0.360739310807511 0.0
-0.9653613574671771 0.7226194308033276 0.0
0.13874455654654083 -0.49551187337361036 0.0
-0.8005733492694835 0.848077287382097 1.0
0.4334454799016425 0.5696680219896122 1.0
-0.7035696503691775 0.05636277249431476 0.0
0.5885230196370035 -0.04919708041760429 1.0
0.6851068659296968 0.612359202954956 1.0
-0.3269483671944573 0.4466177052340661 1.0
0.9292358164115411 0.06460675754740208 1.0
-0.9382288224120627 0.8407069820623696 0.0
0.5579173976889964 -0.32629532145320694 1.0
0.3795394983213709 0.48378599639644637 1.0
0.24964497279572195 0.8781783490834039 1.0
0.20003302656873778 0.7408626254619759 0.0
-0.5836066257388224 0.46295123744930033 0.0
0.4542748453057228 -0.1556471853171557 1.0
-0.5412607634957656 0.9728051826781865 1.0
-0.1475848021537225 -0.06184164252660662 0.0
-0.9763351455899507 -0.8986543323403595 0.0
0.6441785007742085 0.5370171005509481 1.0
0.7564768436489744 0.32249189386128796 0.0
-0.4424751762689463 -0.29541160564369906 0.0
-0.32860898658949855 0.4468475539559551 1.0
-0.5341790320223492 -0.6899193528436618 0.0
0.06442927313544722 0.1675222683269142 1.0
-0.6516282238709983 0.7840397719404353 1.0
-0.11781881112577719 0.7091133919724459 1.0
-0.0981772203972946 -0.6263254947608012 0.0
0.02118888977813871 -0.8940963959986625 0.0
0.10131376522572766 -0.20032201479369616 0.0
-0.031211069529532676 0.08736613620825961 1.0
-0.7012737293522049 -0.37995294490988063 1.0
-0.7531688315809073 -0.17320780683651615 0.0
0.6705772883768149 -0.20849351466066857 1.0
-0.6823928220251025 0.31368608946883114 0.0
-0.4108508386392127 -0.5520538723178918 0.0
-0.05014642872761388 -0.5277639170221404 0.0
0.8162525203484703 -0.3459935591806149 1.0
-0.5068579776782014 -0.8395351060609841 1.0
0.4098986063896328 -0.2570111170963243 1.0
0.1742769789269487 0.32381637999129587 0.0
-0.5287315651091893 0.9793820611497324 1.0
0.9446599279496506 -0.8180864037935693 1.0
0.8577348179482982 -0.8854900754475148 0.0
-0.46904101259832665 -0.7458354296472509 1.0
-0.21664628758415816 -0.09702446108235652 0.0
-0.661220717894969 -0.5905995218696067 0.0
0.1747128414471686 0.19411389550064873 1.0
0.2834206309781446 0.0017342630180106067 1.0
0.9521559463538003 0.7332568225849727 1.0
-0.09545730345647585 0.406325399269059 1.0
0.5588250949739881 -0.08715651986574269 1.0
0.4814837820386575 0.9920655043921012 1.0
0.14468178262527154 0.19170912677151808 1.0
0.3054643082730535 -0.7092358027128596 0.0
0.1543089763510921 -0.46010808450507445 0.0
0.20583735612004794 -0.089236499785184 1.0
-0.5139306644191886 -0.8958722889365818 0.0
-0.4031513505268278 -0.6670621282429794 0.0
0.0018326760584959079 0.5202120289741075 1.0
0.8424412234128338 -0.5032223813217707 1.0
0.42271163355551233 0.1494180631350921 0.0
0.7533418689183564 -0.32936387118783017 1.0
0.03591115158414704 -0.2996007420277367 0.0
0.9058584681426922 -0.6890234938679305 1.0
0.14574290506433085 -0.5860964634510049 0.0
0.5274149087597151 0.12975643149218286 0.0
0.24438912017698944 -0.13211853997368994 1.0
-0.44906744219557804 0.39494937273352493 0.0
0.4387685163202135 0.8214067861942276 0.0
-0.1275230594900405 -0.2793836992215264 0.0
0.9306805027474487 -0.9577323189353131 0.0
-0.1806943677415771 -0.9648817037449042 0.0
-0.11556945335727842 -0.29934416972341493 0.0
-0.6254039838613858 0.8523429585622406 1.0
0.10432213277614388 0.04395769202952127 1.0
0.08086823042388547 0.8401102748451292 1.0
-0.8973714320500825 0.5534002792348673 0.0
0.9541647001024893 0.18429369786600036 1.0
0.43896610459413443 0.5098471650401744 1.0
-0.5491663143091488 -0.0424260242448713 0.0
-0.6672097825371393 0.4908364918984309 0.0
-0.3899961445629532 -0.5225502067300039 0.0
0.5987776408968506 -0.09775090600537761 1.0
-0.18716218803878726 0.04978307167345175 0.0
0.6250462152094118 0.7473283692314934 0.0
0.05353191304445426 -0.5903991039372303 0.0
-0.0063947035732145885 -0.5878668507378613 0.0
0.7851371467731771 -0.057660422976857584 1.0
0.6030487544086118 0.8535307453352297 0.0
0.7296652056750939 -0.8967076465373074 0.0
0.26661462984564577 -0.9085030939974674 0.0
-0.29020217630043166 -0.5864643318452796 1.0
0.41694927262888837 0.922980335879735 1.0
0.6378880467540897 0.7370606207032093 0.0
-0.07297603289659582 0.042114376545228316 0.0
-0.6672477498274054 -0.6219913813187246 0.0
-0.7807703067599192 0.9732167347402492 1.0
-0.6259733133072412 0.316847026724399 0.0
-0.8747485547873941 0.43950115437594195 0.0
0.6011242635697944 -0.6619194592124531 0.0
0.1370982648305541 0.4642147625514088 0.0
0.34041761456094055 0.5407689503958628 1.0
0.07778828789008418 -0.18923906282092195 0.0
0.9860859015138623 -0.35997832172804345 1.0
0.7495950158993545 0.8136349693004576 1.0
-0.7730424651605929 -0.2486676784747739 1.0
0.2065038697607775 0.30935213550039053 0.0
-0.7708062803696327 0.8270652531377936 1.0
-0.9394725114462554 -0.28158098923749275 0.0
0.796430415480557 0.6896653936745831 0.0
0.22384237483267522 0.5939228897254525 0.0
0.22140306725082604 0.47968830950477614 0.0
0.018718893971738204 0.9300609723801072 1.0
-0.7195461068144435 0.8004792305677066 1.0
-0.22807904206262974 -0.6903688264243264 1.0
-0.2427686370039841 0.4248763475305939 1.0
-0.19898861262495315 -0.10023440545758855 0.0
-0.8597054969238167 -0.8897104051733598 0.0
0.43767149024173957 0.7025636621832145 1.0
0.8714619464615845 -0.5081202557067404 1.0
-0.39624745063746447 -0.6724608073805556 0.0
-0.2093330727499858 0.762567938541499 1.0
-0.09854157820621179 0.3164630445403853 1.0
0.851857107298039 0.3745350507471845 0.0
-0.5462324199064033 -0.5320794005994685 0.0
-0.5873610123552295 0.04403913281622085 0.0
0.1994633213233803 0.01581219265787359 1.0
0.15467217052375704 -0.6107776639363212 0.0
0.7534708524921929 0.17869472980558676 1.0
0.1402447250552361 0.008664927943424772 1.0
-0.12108824954469743 0.46228532940149525 1.0
-0.9179151995218917 -0.6141506018381837 0.0
0.14748499664886294 -0.8809890051008604 0.0
-0.3908897499013808 -0.3340869429110773 0.0
0.34512626583166583 0.5872652128869482 1.0
-0.3233063889681631 0.40478038104269953 1.0
0.5720182968557244 0.057434180387176514 1.0
0.21734665792349328 0.5038099233070719 0.0
0.7207043436296829 0.7802946601347285 0.0
0.4622277342057175 -0.5852921248211242 0.0
-0.04170280208150534 0.17558595810039113 1.0
0.7827021557364753 -0.9632744172785479 0.0
-0.2102326737069793 -0.7717082762642935 0.0
0.08056791312942213 -0.08977131633682744 0.0
0.05440354281322546 -0.7200055074892988 0.0
-0.28882805327764616 -0.3181218648766788 1.0
-0.3922984275129675 0.8082415431630405 1.0
0.8820630043125275 0.4094264213604426 1.0
-0.44105715851747784 -0.12227716005014955 1.0
0.9814052452402715 -0.6863842062267302 1.0
0.5483037689450974 -0.44660161576693125 1.0
0.529158952621049 0.714027535983802 1.0
0.3112891405295444 0.14534722374940623 1.0
0.21724992611112803 0.04697114122970292 1.0
-0.7524377122350634 -0.032947099268874736 0.0
-0.8560991191174994 -0.11251332609707099 0.0
0.5001650256326331 0.5875623899206905 1.0
0.3242341683215886 0.2796342574729711 0.0
0.20755241299253546 -0.015917808034572323 1.0
-0.8458258499141305 -0.8435059627544439 0.0
-0.28703085541855833 -0.33216897221990416 1.0
-0.9372383781289684 0.279450140196593 0.0
0.4428142860553608 0.7529392748513264 0.0
0.653052056168834 -0.6171041362375753 1.0
0.1952248654084099 -0.7726987472826816 0.0
0.9893282735851554 0.2446611882098899 1.0
-0.22110192293653408 0.36452887415477697 1.0
-0.11896333294226236 0.580912835360168 1.0
-0.03322207156005552 -0.8459933306012082 0.0
0.6412547230816481 0.27454276927584176 0.0
-0.012185182176072562 0.4749785402209157 1.0
0.40165713786208657 -0.9381932764007372 0.0
0.030468753056190234 0.33149842568611 1.0
-0.5109843311547113 -0.7704242474996972 1.0
-0.42636525803923475 0.7446973649245754 1.0
-0.6116472189137436 -0.9327165507435347 0.0
0.8113690631347923 0.5066412847754016 0.0
0.33416289500340035 -0.03541655902060059 1.0
-0.7260084285408217 0.7025802514308634 0.0
-0.4969521362332221 0.16587131916035802 0.0
-0.8415988193810733 0.2585744555238787 0.0
-0.15985485315418702 -0.5302262547324199 1.0
0.1564018559533964 0.5409662280373351 0.0
0.762499338364443 0.5237694470589824 0.0
-0.3719795407235067 -0.8765688574745676 0.0
0.0034289042005390957 -0.766401390672871 0.0
0.5149053218058657 0.2900839553529204 1.0
0.6281835243999772 -0.2278392570905976 1.0
-0.6098961093122517 -0.2133773541468822 1.0
0.3123236604437869 -0.0827106717987014 1.0
-0.6701530151430415 0.18404012326612995 0.0
-0.31917581350528335 0.9810886209946352 1.0
-0.1305439798121617 -0.222924994080004 0.0
-0.8625000259041773 0.8251250896404405 0.0
0.13691239483923523 -0.29517084887047673 0.0
0.034795408952285056 0.23785621935683854 1.0
0.4968043468642762 -0.6172679867871449 0.0
-0.017911897435811897 -0.6254865479812521 0.0
-0.2348044957477906 0.005406431192556127 0.0
0.35434960248669456 0.5722768762253827 1.0
0.7333167584560412 -0.6786386040885564 1.0
0.42363730422104573 -0.4887307869451363 0.0
-0.38024787076525524 -0.9365473349155085 0.0
-0.6250390778377779 0.7934671561034785 1.0
0.751808889651334 -0.8034705489930389 0.0
0.20999352741644572 -0.8159313464018167 0.0
-0.4757728892687132 -0.027096092563892338 0.0
-0.37775865951530196 0.8781230090458418 1.0
-0.5149863822367771 -0.5183921245221987 0.0
-0.4720279815066979 -0.9728845657992686 0.0
-0.696371172485547 0.8178774060046172 1.0
0.5786509627959084 0.646822826916543 1.0
0.9080551473640621 -0.13240547090700194 1.0
-0.2158695300653637 -0.4981860714381061 1.0
0.163389603173981 0.400007142773829 0.0
0.40990191463360626 -0.38272819020445104 1.0
0.21267373908389153 -0.9057702983425506 0.0
-0.21360715730428792 -0.7082700240659232 1.0
-0.43398240816770994 0.7578060181697406 1.0
0.36625837371043923 0.09339623063034153 1.0
0.11568547600300971 0.6868741386370454 1.0
-0.012033860308898081 -0.13936484682996508 0.0
0.5567037791539557 -0.004615798482383582 1.0
0.9452957913305597 0.4811725650898988 1.0
0.7566901908919119 0.11278456797392544 1.0
-0.09978056144537195 0.42894817307525823 1.0
-0.45522991550126535 -0.834245001929121 1.0
-0.4685883360231149 0.4882546982781444 1.0
-0.09648681825241967 0.17212540953458189 1.0
0.30099695695090634 -0.10285984694635886 1.0
0.992208061987264 -0.8758578245970763 1.0
0.16849035081259633 0.5055578590053553 0.0
0.0602041385125649 -0.009813335429105452 1.0
-0.38038263355046587 -0.7000760073010548 1.0
-0.6818722485222142 -0.5672844382533606 0.0
-0.33133222601763457 0.775105811909844 1.0
-0.17237670022978735 -0.8578441231886622 0.0
-0.7833889321470295 -0.03656041923316944 0.0
-0.7027327889137589 -0.49761135308704696 0.0
0.3409591641263068 -0.07682391917483433 1.0
0.7907694565395598 -0.12381413861469537 1.0
0.8218565634939157 0.21965714103416434 1.0
0.49130134950748183 -0.2320400453493603 1.0
0.23060896673261744 0.0684530857949861 1.0
-0.4321806743350163 0.41872253577298557 0.0
-0.9766375367286029 0.6749559496373541 0.0
0.18045369028601455 -0.5694102163021584 0.0
0.13828153753559835 -0.7062466889217518 0.0
-0.047523937282465845 -0.7492400342208396 0.0
-0.07790001425007476 0.5351823341578426 1.0
-0.6799667738162312 -0.931255085110833 0.0
0.05157070469781577 0.27693991902830417 1.0
-0.5135898378341375 -0.35133336249434666 0.0
-0.3778228910744321 -0.10253330067354516 0.0
-0.30723668689575034 0.9757643795221678 1.0
0.7880676231976205 -0.8320342236282197 0.0
-0.12167331616213306 -0.3284308320350158 0.0
0.8987291209623742 -0.48307056099714285 1.0
0.1695642038007974 -0.6576174468508305 0.0
-0.4251440565411122 0.6847561333499166 1.0
0.11955385356709303 -0.17567088681155307 0.0
0.948065361871884 -0.0011863460777812307 1.0
0.2025677729952866 0.9900481633793052 1.0
0.6173447190214127 0.2633060559503746 0.0
0.8945696251135917 -0.8912372319439412 1.0
0.1023393012753786 -0.8346891882824845 0.0
-0.4835899405418722 -0.7198260318609642 0.0
0.3405077267385017 0.4263000441885614 1.0
-0.13057272971138234 0.9555257343410277 1.0
0.2779761179568212 -0.7587790755145343 0.0
-0.28339975891294555 0.11906038280856501 0.0
-0.978561128583189 -0.5910550781497841 0.0
-0.5110013343846718 0.7756105130902295 1.0
-0.4845464584200292 -0.988603470750995 0.0
-0.6956178544059892 0.006627669437451633 0.0
0.7013835602737601 -0.27848444438531295 1.0
0.07439178733617546 -0.11356311340815317 0.0
-0.15151533156262142 -0.4000003005338213 1.0
0.694076080841654 0.33058206690338077 0.0
0.24219517646538602 -0.1669631192587644 1.0
0.5685533925272228 -0.10098616315375142 1.0
-0.5409297302689922 -0.7993178672002192 1.0
-0.45765337858555766 -0.9893028272558253 0.0
0.6350144761329315 0.2042002180201401 0.0
0.10333813321840712 0.7248016195497713 1.0
-0.9620822983831641 -0.9089200659041312 0.0
-0.5638702254286123 0.8318334615241658 1.0
0.36752049808151055 -0.48948994620199127 0.0
0.7028168214952768 0.3726603003313782 0.0
-0.4454734364037698 -0.9553375703270692 0.0
-0.11397769118373224 0.4259821252596039 1.0
-0.40846729309185403 -0.5735972448618472 0.0
0.36134554652565054 -0.9385878317064411 0.0
-0.46871862947321863 0.41405042174126927 0.0
-0.22930677603754734 0.4525163816405382 1.0
-0.6426248324015047 0.1129662604610675 0.0
0.08217514953714922 0.6398594274485756 1.0
0.5506311973631219 0.10312928402515831 1.0
-0.04835814180207354 0.3782719205660259 1.0
-0.8120111395852507 0.38393816359320554 0.0
0.828467707870854 -0.5606915376646449 1.0
-0.6431214225212871 -0.25820573271846814 1.0
0.050407244935022355 -0.5675639652710134 0.0
0.6901282084603262 0.4580180925695865 1.0
-0.7292373649094868 -0.09833272779974478 0.0
0.16918522928855073 0.7984908954394723 1.0
0.2626946243652484 0.2927367447275795 0.0
-0.9740607860966115 -0.7945669410747558 0.0
-0.49848169302109957 0.42556187235118204 0.0
-0.17239583189788976 -0.26568244169902 0.0
-0.860593193672148 0.056647770087725924 0.0
0.801234490939619 -0.03296001794726444 1.0
0.34982960269266394 0.3257041156943734 0.0
0.784657083662847 -0.05430032123546136 1.0
0.38726050534144774 -0.831594542409128 0.0
-0.24946012358123992 -0.449083883502309 1.0
-0.9398184462111032 -0.31409153483238206 0.0
0.7664549691497371 -0.4691460684647526 1.0
0.1187820131428583 0.08001716290175986 1.0
-0.6168570362574939 0.4746842203900574 0.0
-0.1477805141651145 -0.4669888059782823 1.0
0.6357937942700032 0.5830457521776191 1.0
0.26377939255901794 0.20731809893166764 0.0
-0.4073922871889586 -0.5908997997237249 0.0
-0.07212954669180793 0.9276403637011728 1.0
0.9302870594408073 -0.25021570397467263 1.0
-0.7541304399371853 -0.9400534710863122 0.0
0.718344900333153 -0.7375186431346825 0.0
-0.6506150609789594 0.3137188785214815 0.0
-0.18892925989352038 -0.004124429942959473 0.0
-0.14128028901310796 -0.9573733110706273 0.0
0.9458239975896026 -0.6252555541890785 1.0
0.8148955520801298 -0.3616411267846913 1.0
-0.1288433014036281 -0.6819158035493147 0.0
-0.6432366214494187 0.20298091191923207 0.0
-0.19635479882282003 0.6365619215784268 1.0
-0.05793927331228521 0.5498013412608642 1.0
-0.2609118120722085 0.13194561378927472 0.0
-0.4538581438223246 0.19169217649878623 0.0
-0.6818860214309967 0.09891633833791347 0.0
-0.045948108302658275 -0.05344860714277866 0.0
0.7609187505506458 0.5950114755733831 0.0
-0.785385265200933 0.32184761398402517 0.0
0.36017912376067307 -0.45909652301854775 0.0
-0.4095314138822863 0.3783345783636929 0.0
0.23017818389479983 -0.03802820699028886 1.0
0.4864530007170311 -0.7755296720981155 0.0
-0.4404862673258594 -0.9334321253988029 0.0
0.488878152561832 0.6643769811037121 1.0
-0.10265999844688922 0.8098762120937808 1.0
-0.7848893696818848 -0.1299424762642063 0.0
0.5309282014213066 0.9729614733447471 1.0
-0.9876295284379837 -0.7550118431209658 0.0
0.3889201879804516 -0.9765610758980652 0.0
0.8581734933652159 0.8041945839552131 1.0
-0.8204400597105572 0.7411432294959763 0.0
0.4020865172508332 -0.4448349227270767 0.0
0.9760847956070664 0.3506877372130812 1.0
0.6559907108377925 -0.9939871088364916 0.0
-0.4647992116687283 0.9382204368461362 1.0
-0.16584711942901076 0.9733478306084808 1.0
0.6951026242068625 0.7801099760127859 0.0
-0.6769802615849303 -0.134657320947688 0.0
-0.3855827949755408 -0.9288824098881965 0.0
0.30468401747615736 -0.8738337299179402 0.0
-0.2816276614034223 0.8971046720936122 1.0
-0.4279087156853161 -0.1454750804456637 1.0
-0.2129581120905366 0.1781370317700659 0.0
-0.4265005523668104 0.8285782029829316 1.0
0.29017593932507646 -0.12398471082486928 1.0
-0.35196700013155446 -0.6659266936414212 0.0
-0.1277030934245147 -0.0510183429173805 0.0
0.04310886429311478 -0.9166850746491237 0.0
-0.8649862979852694 -0.3302915735084979 0.0
-0.6452570439421954 -0.4196234613220835 0.0
-0.5625934957090124 0.8637021772583826 1.0
0.4845059798915816 -0.09227677703511339 1.0
0.49544952739861614 0.6042279215247772 1.0
-0.35641931468118115 -0.08091909618467752 0.0
0.7475127334690277 0.8593491721507409 1.0
0.8622324409687847 -0.3461642867271144 1.0
-0.6579878939165509 -0.5609492348945155 0.0
0.6037267607094567 0.4909785844614345 1.0
0.4032370100028648 0.11468266427433438 1.0
-0.9811722681428405 -0.8849971828137517 0.0
-0.45604319760423917 -0.5672670353485278 0.0
0.9538949198764903 -0.1483608214889791 1.0
-0.8698268679220176 -0.06948031889804396 0.0
-0.28020603183775084 0.8572688140665288 1.0
0.21088769864151669 0.6839410368426002 0.0
0.7221467277407794 -0.8682857746616566 0.0
0.6350358286908544 0.860513778015183 0.0
-0.26460739981922954 0.3224936216144736 1.0
0.05866429119992356 -0.05157946690209814 1.0
0.5101824641489621 0.528622115487092 1.0
0.7005098102998661 0.8027981031303775 0.0
0.6754603063105717 -0.8172211408957231 0.0
-0.17118958171425191 0.7064554060650579 1.0
-0.22040981940437576 -0.543268957027683 1.0
0.7001374036799615 0.9582313510432301 1.0
0.7547173549844908 -0.25185432814592934 1.0
-0.5824650158621323 -0.7374257403103099 1.0
0.1217822577661063 0.41168168868057453 1.0
-0.30313016498637957 -0.15289182442468707 0.0
-0.3275156448566292 -0.017629749352591872 0.0
-0.2042455401232759 0.47626307924041833 1.0
-0.4341940467587495 -0.4984068537864368 0.0
0.20603121588457252 0.8106396599395094 1.0
0.4772897020025555 -0.4315891157714489 1.0
0.9306615085111212 0.24838733269332391 1.0
-0.8334843450008074 -0.3950948721364256 1.0
0.3439718325237484 0.8430592383978335 0.0
-0.529973534527086 0.033847221289369234 0.0
0.9162610403168492 -0.81263994736545 1.0
-0.9522621727852176 0.3569950200645846 0.0
0.4960618576345728 0.6658053758085059 1.0
-0.7368213574904983 -0.22948945488282835 1.0
-0.10146197491401754 0.11806809873122681 1.0
0.6982528079041952 0.18299453960738776 0.0
0.233929353738195 -0.2554988042027029 0.0
-0.8815746617029085 -0.7225214625564578 0.0
-0.05265676031432087 0.6591736725259074 1.0
0.4982041280198466 0.938582611813221 1.0
-0.9670775357316241 0.9652226721404504 0.0
-0.390249115408005 0.6027143944991635 1.0
0.8299197639971976 0.5022087325222644 0.0
0.8825034378240719 -0.2936587152128016 1.0
-0.33266030621425746 -0.9712715636278448 0.0
0.4522175127698558 0.7732728320320157 0.0
-0.369754948981434 0.11030939862272948 0.0
0.4790058191116664 0.05476245245454914 1.0
-0.71155051220478 -0.7846610626496158 1.0
-0.8607772266882943 0.5161156402652551 0.0
0.5141403671107838 0.3682511472938115 1.0
-0.3842141516815243 -0.45846885366375756 0.0
-0.5857486730314199 0.21587731360048834 0.0
0.12548186240716008 -0.25084406822561944 0.0
-0.7517635708098624 -0.440155146041854 1.0
-0.7545447859496577 -0.31150770640932146 1.0
-0.8722793073924289 -0.25748131394435814 0.0
0.2512880056859981 0.3851413876667462 0.0
0.48456426091515303 0.2870657520011115 1.0
0.6574091812647362 0.7779072807344032 0.0
-0.7869497817265227 -0.3373135601670385 1.0
0.9545079191688897 0.1370863665505373 1.0
0.28160761408815005 0.9655979131474692 1.0
0.43992321701789194 0.08216859110181818 1.0
-0.8055475182450496 0.7690731720157993 0.0
0.5167617871402268 0.36549030595978316 1.0
-0.5297907277913703 0.9358147871903388 1.0
0.9860094132255248 -0.3539355829825548 1.0
0.6471253308530258 0.28572269051106547 0.0
-0.7781974187735408 0.09814325276076374 0.0
-0.23077578056067738 0.19277923900632854 0.0
0.4913358209741405 -0.6807580992209641 0.0
0.14267817348614065 0.9124490227441928 1.0
-0.01655567824719295 -0.8917231091124505 0.0
-0.1648335720927392 0.5874634648740718 1.0
0.1267862562275741 -0.08718763143679631 1.0
0.8908865211150969 0.47467815872899055 1.0
0.22277222755730275 -0.43000520781735085 0.0
-0.9161860822555006 0.3217925254362868 0.0
-0.8171222841047019 0.3272302916129768 0.0
0.533303354867352 -0.5284450072801599 1.0
0.6022603480434279 0.46020839269824854 1.0
0.23730737571602334 -0.9993098897594985 0.0
0.8915775786117421 0.1583069158248882 1.0
0.12842946920707687 0.20174263632724787 1.0
-0.601267185741281 -0.06991030147158406 0.0
-0.5604958232947455 -0.5762819100755625 0.0
-0.36264954562814866 0.20759275711596636 0.0
0.7722147211966239 -0.05911145466830914 1.0
0.028576446771671593 0.5444333992126382 1.0
0.9717655440185402 -0.46253043433480934 1.0
0.9333800147433133 -0.363999979131006 1.0
-0.1199803849745924 -0.9725747496527986 0.0
0.622183038568255 0.8160352052824904 0.0
0.373025646804352 0.6948347093086864 0.0
-0.5126699781008643 -0.2596845207520162 1.0
0.5281028737135216 0.22116471895447565 0.0
-0.0842705077955348 0.7792223263585771 1.0
-0.3656747374392091 -0.7621301959551616 1.0
0.2479865228977589 -0.5162533731533538 0.0
-0.4154416989550702 0.7220994568649308 1.0
-0.3424982716402136 -0.2700135953654246 1.0
0.9546333312121196 -0.7226546627063499 1.0
0.12583571963467 0.16490702014365044 1.0
-0.3664495462165269 0.4350348595345892 1.0
-0.7896368574595112 -0.509990749856218 1.0
-0.6070254259632144 -0.4536898566852905 0.0
0.49903610672432275 0.22879279582790946 0.0
-0.8667002115506834 0.012206612840708786 0.0
0.8176095900655431 0.6474788145260364 0.0
0.23664423132020018 0.3957551964367454 0.0
-0.6088595914160164 -0.3838375432921324 0.0
-0.19615469260536522 -0.3399748582076574 1.0
-0.05791705515740264 0.9660298382076207 1.0
-0.2072472746632934 0.19221008214817625 0.0
-0.29075776356604277 -0.1465096582646772 0.0
-0.7653880662361656 -0.5754346358143303 1.0
-0.3057317913054707 -0.6483910115693674 1.0
0.840661110113619 -0.8978428894536852 0.0
0.5845365597306527 0.4511662496158133 1.0
-0.6068385854068163 0.3842029965994376 0.0
0.9238568474375735 0.7973608751970434 1.0
-0.5392447942906051 -0.6223820675011911 0.0
0.36623462824807973 -0.9339609604762984 0.0
0.009527400902987093 -0.898327751849574 0.0
-0.23072711159525872 0.7512773795486396 1.0
-0.21906490371527654 0.1311901069702226 0.0
0.5443720490788451 -0.23243192571812843 1.0
-0.7546962013351053 0.681745872800696 0.0
-0.9788923510171856 0.1718515043432407 0.0
0.838029469803687 0.6906899792619674 1.0
0.4494662715664939 -0.39384075632412663 1.0
0.18588977193223988 0.8350790991125923 1.0
-0.16587230256600738 0.4977238477995758 1.0
-0.06272954380436024 -0.24529911255707115 0.0
-0.49836569012112575 0.8101818324242187 1.0
0.3654397511761043 0.049211722042859396 1.0
0.6494912702923359 -0.014650461406161996 1.0
0.9784989439928056 0.5244094217837985 1.0
0.845370715353136 -0.8334468311761045 1.0
-0.879477117691021 -0.8560947804758883 0.0
0.6191090356534634 0.2552747672482518 0.0
0.7216818708399271 -0.8874515597514929 0.0
-0.10617273320777221 0.4285424631856576 1.0
0.4483022330939568 -0.3924272347368385 1.0
-0.8867334896299621 0.5184874682083989 0.0
0.9448807361596934 0.212775460441885 1.0
0.17843672837664815 0.4216852921326153 0.0
0.20887173216489785 -0.8724406896824424 0.0
-0.49779628184729696 0.9301791700522828 1.0
-0.12521275794338615 0.07715421071564399 0.0
-0.7534986998988535 -0.2503275115682657 1.0
0.016085680719009288 -0.3938138422190318 0.0
-0.7720743624497297 0.6602766665992885 0.0
0.029345118362526623 0.6194678802496294 1.0
-0.970105829618841 0.08966836170927017 0.0
-0.6523280905758926 -0.3483368583034965 0.0
-0.9110053922350028 -0.7879512389664565 0.0
0.73154935063467 0.628964505782786 0.0
0.618603425186059 -0.08567525903822903 1.0
0.7098937460169621 -0.09245020110238777 1.0
0.8371029791628828 -0.20077227137883957 1.0
0.5008205463127466 0.2294759423542514 0.0
0.3830355030854913 -0.709486592700628 0.0
-0.7630504540100558 0.6551322587754103 0.0
0.3981189736396742 -0.39270660990234507 1.0
0.24689180253754284 0.3320998914813782 0.0
0.18038763201968644 0.8889461598321691 1.0
-0.3237049953925608 0.5760899675971765 1.0
0.9047412369826491 0.6701350502169856 1.0
0.9385376052484316 0.015361654123564827 1.0
0.06480055291856002 -0.6010003902432415 0.0
-0.46010865313136384 0.6612006924256881 1.0
-0.8150868661639148 0.880728892896284 1.0
0.6440791247686188 0.6568479490176051 1.0
0.013523841756728938 -0.8781734082656156 0.0
-0.13356190850971217 -0.6595399417471492 0.0
0.995939464468421 0.6840104694089746 1.0
0.9101357942121198 0.09802005176630724 1.0
0.20903900737330883 0.020408999242155668 1.0
0.6871634637866313 -0.3314042850332344 1.0
0.4641486414233402 0.16695528333484977 0.0
-0.9270262572061998 -0.516578493292843 0.0
-0.8020737947718259 -0.6592826241512786 1.0
0.4397691090219997 -0.12934890466611937 1.0
-0.19114363626135522 0.8274959793589549 1.0
-0.025400130867179627 -0.6955462240808894 0.0
-0.748069312167988 0.16012357652016562 0.0
0.2835272841974861 0.07546809448099823 1.0
-0.4338852750995963 -0.8673659048544429 1.0
-0.4588650985332514 -0.32827590054534106 0.0
0.5863891871029319 0.3454519386541417 1.0
0.29969569473143465 -0.1211470011660245 1.0
0.4010343406604451 0.66125535486056 1.0
-0.7932787617669663 -0.5404271544257324 1.0
-0.8442979178530015 0.278334711980174 0.0
-0.3286465732816417 0.9095900444566924 1.0
-0.34713929906841545 0.0451459066595985 0.0
0.23312870781276795 -0.02252796633124876 1.0
0.054171469280314355 0.4263981227774427 1.0
-0.09548375809176624 0.23708893286229893 1.0
0.16178746370148223 -0.16953974058957022 0.0
-0.022201263067288535 -0.37022630626931474 0.0
-0.5632245709478709 0.7454353258293036 1.0
-0.6537563438950078 0.4002687876695816 0.0
0.13737874986683463 -0.7994634598830446 0.0
0.17793809722869836 -0.2751607475275455 0.0
-0.7574510924887927 -0.11015398655506958 0.0
0.14802383159448684 0.6542857872773715 0.0
0.6322685077762946 0.21177528495628772 0.0
-0.3046069471821975 -0.04980023675766154 0.0
-0.47802629840944477 -0.3402233613158119 0.0
0.6868104753803685 -0.21068683382177156 1.0
-0.16093817646703856 0.903379789506948 1.0
-0.41167848360476844 0.7201600333188869 1.0
-0.6886037954428337 0.6029225051900404 0.0
0.38705311840689416 -0.5054040930962416 0.0
-0.7479896917450712 -0.5871257125579865 1.0
-0.9348735279719964 0.10511245288439142 0.0
-0.7182577516750941 0.5600532920937171 0.0
-0.01461809753586829 0.16829080559458132 1.0
0.09487284460530043 -0.2895215073506976 0.0
0.2634982888438111 -0.6977984432009001 0.0
-0.9303833809452917 0.34738212279086333 0.0
-0.09354027750564442 0.818395667248623 1.0
0.36912497758848395 0.8719893721355731 1.0
-0.8866452145187116 0.8527023158428657 0.0
0.3947004561178755 -0.5753116538508953 0.0
0.5938702353707532 0.7523809018242826 0.0
-0.2495048619274749 0.11507884277011393 0.0
-0.4254949924421867 0.15244529890022251 0.0
0.563406873138099 -0.7272812590808988 0.0
-0.9593598154895764 0.5223712029632985 0.0
-0.21044774308671332 0.8432261901066338 1.0
0.14605451803395963 -0.30129379803651757 0.0
-0.6512660097122438 0.6247046706483197 0.0
0.06585737636486155 -0.10562025406449349 0.0
0.7546380276024225 0.28835433395860166 0.0
-0.37560214558199956 -0.5961818842187194 0.0
-0.8220157843804483 0.3097959327962476 0.0
0.9933764784032764 -0.07239336732733448 1.0
0.8423132054728963 -0.44104875760482076 1.0
0.28474431868792793 0.4898347513566337 1.0
0.5154312306866602 0.3231715994884954 1.0
0.36439655942804716 -0.5262935388283059 0.0
0.5219237520687712 0.7564460987171704 0.0
0.12789975886199434 -0.38084459108571767 0.0
0.21173694574900037 0.12168640075117998 1.0
-0.4899871342318458 -0.6533217871100039 0.0
-0.644460635582117 0.12571249122870265 0.0
0.18305494960967383 -0.839033798811267 0.0
-0.04134516100992047 0.5828579076487865 1.0
-0.5098751507995183 -0.5703286237117939 0.0
-0.19712286049077887 0.3502356938716509 1.0
0.48827101702357045 0.2176077080387231 0.0
-0.8782122194367772 0.10976142041096848 0.0
-0.39009518381436004 -0.7529289044723215 1.0
0.714469932024069 0.30199115416122635 0.0
0.9368858853927662 0.23149484342593674 1.0
-0.45323584607494083 0.9797715257433255 1.0
-0.048622398113501886 -0.662554437853845 0.0
0.7328402613076062 -0.8156697507604973 0.0
0.7933157843445948 0.13835418990221915 1.0
0.5087361406744686 0.40507786404477253 1.0
0.8014844040891171 -0.576833572327607 1.0
0.6341715423592418 0.6109640585998202 1.0
-0.011155180187899072 0.9042277557402345 1.0
-0.6200532211972223 -0.2472423030492117 1.0
-0.5706166736374103 -0.27262591893380783 1.0
-0.8479591109849172 0.3061088732842958 0.0
0.8326579335545714 -0.28080252412304163 1.0
-0.9802945546790904 0.29796582500780366 0.0
0.44191603798825874 0.46609144072493747 1.0
0.3626991881667594 0.5819201696125609 1.0
0.3194298223380345 -0.3907827082109465 0.0
0.005940852289673559 0.8359446769856527 1.0
-0.4299078085889423 0.6657759411000781 1.0
-0.48529552291538836 -0.6815390480284857 0.0
0.4715080133386895 -0.41166423428817356 1.0
0.3101696722649292 -0.8290999039537541 0.0
-0.5795946170894113 0.3876789412318431 0.0
0.5659868744934733 0.5944411184223868 1.0
-0.474460018373035 0.7714211105673343 1.0
-0.6823001423990387 0.14915361957278317 0.0
0.5468190907390149 -0.5708043190848926 0.0
-0.9205150500863124 0.471300057674096 0.0
-0.12448866905769274 0.06737279327632373 0.0
0.9127342193899621 0.25365406490692965 1.0
-0.4228712517456694 0.44198142289382014 1.0
-0.15598459197125214 -0.8272127008961796 0.0
-0.6909149309639231 -0.6065846305017961 0.0
0.13839158996146828 0.25184208180608736 1.0
0.8627394342120411 -0.6439192783095689 1.0
0.07153635488834453 -0.2839163076703488 0.0
0.3377903566103142 -0.9332937799145111 0.0
-0.0381563105055549 -0.2626328439474901 0.0
0.209293600078299 -0.44976159066468524 0.0
-0.41673764546277203 -0.792147424728513 1.0
-0.5347904404329946 -0.2767061678650624 1.0
-0.05373630325804113 -0.030071003443296496 0.0
-0.9743170242320951 0.7103155214292165 0.0
0.4218271488706882 -0.027576408809782293 1.0
0.3363999285698793 -0.5495390081090579 0.0
0.8111940640635773 -0.05921814966716732 1.0
0.5068926415865482 0.6252606285536748 1.0
-0.9795004527267643 0.5936670658189109 0.0
0.6724137922414126 0.32562819987024705 0.0
-0.028955222402466063 0.1271482420712542 1.0
0.7949205931653291 0.06454081520141375 1.0
0.6011082892825443 0.9925389149472406 1.0
0.7938799004166197 -0.9796592594779385 0.0
0.49316467879877157 -0.2032975654626994 1.0
0.7467524078707932 0.10608385234818218 1.0
-0.8034797024171461 0.19703963985734196 0.0
-0.7713027067428864 0.18672142258805802 0.0
0.5092030385537261 -0.6815960556088216 0.0
0.9615955563014249 0.5100457889642394 1.0
-0.8172400630480148 -0.5206691280334994 1.0
0.7386043372431916 0.06211011882785633 1.0
-0.8559057145732107 -0.676186798554 0.0
-0.39753692210783775 0.16795302254495215 0.0
-0.2515289398963696 -0.7721628889917653 1.0
-0.37620925224077584 0.34241512410633934 0.0
-0.46670552885321026 0.4574088612324576 0.0
-0.31983438415095944 0.44043444444405 1.0
0.7159169302034223 0.008346302490296997 1.0
0.68940956140662 0.34816741794749695 0.0
0.8071973485467023 0.5901238077766158 0.0
-0.4151979687061538 -0.7768503907534721 1.0
0.653969553523807 0.5475770148464152 1.0
0.4229468374101977 -0.717751669206244 0.0
0.41129523880889063 0.7845677135853832 0.0
0.9195032020689793 -0.7691390222336034 1.0
-0.3272939441015372 0.15143921779329395 0.0
-0.6232914981805338 -0.5942241713990741 0.0
-0.5769363736855275 0.5833593631074689 1.0
-0.5028276373565277 -0.7914544788065707 1.0
0.1543724415245431 0.3617132994118004 0.0
0.42449640043152614 0.19307522908380936 0.0
-0.8239650733293047 -0.9790420965351685 0.0
-0.3442622493058207 -0.5115870414258135 0.0
0.018268121511084257 0.5080919238262214 1.0
0.4479987019061924 -0.7269396884575821 0.0
0.824695693384464 -0.21184185131124678 1.0
-0.592600761952774 0.03798900825616669 0.0
-0.8823251314346101 0.5384470374967665 0.0
0.23340459504874245 0.4117570610460006 0.0
0.6636907382226191 -0.9385521152102838 0.0
-0.19445600684527742 0.45314955247182254 1.0
-0.10097823772822112 -0.4656343088648327 0.0
-0.1688310373047195 0.9628648439686438 1.0
-0.4827458775658171 0.9127885010349475 1.0
-0.5568004927024466 -0.18398342259373646 1.0
0.6939470513029011 0.7777881238160138 0.0
0.3320820991230007 0.43353484271359344 1.0
-0.33975357381807414 0.3102209162524683 0.0
0.21259723952047938 -0.27876041386431405 0.0
0.04273524735741141 0.6512600133631339 1.0
0.8892809095762582 0.35582689106382603 1.0
0.5902379599162837 0.7764794307201188 0.0
-0.16868205064995645 0.8810550612423032 1.0
-0.0731570324422064 -0.6248693756141697 0.0
0.05061035774742595 -0.22495888210627135 0.0
0.7269052784441292 -0.3498721437970893 1.0
0.7433888057547469 0.13217914771943406 1.0
0.8132502803407657 -0.9432479489798957 0.0
0.38454240298666553 -0.5738160402713399 0.0
0.14688002449920945 -0.9752881164262697 0.0
0.9587459213235006 -0.5815086352259948 1.0
-0.11885494154399123 -0.4944072684274372 1.0
0.7649180865061593 -0.5698534749621129 1.0
-0.15700310065828993 -0.6962635942236186 0.0
0.5418005681090368 0.28550465208266074 1.0
0.09126714599728514 0.8159483716950822 1.0
-0.7557596303414618 -0.08844730682395485 0.0
0.4416575128308935 0.10213428126683821 1.0
-0.9082994208797637 -0.5544282433731529 0.0
-0.838769410988651 0.20214793226625005 0.0
0.5850004111553349 -0.4993714469414583 1.0
0.9194135024989654 0.38714723838949605 1.0
0.33680210750908723 -0.27782281876596393 1.0
-0.5574817629330153 0.28032990819348846 0.0
0.3680060493570303 -0.9647569017834563 0.0
-0.17265155766795304 0.28906491593890715 1.0
-0.3077186916259338 -0.5628572067520061 0.0
-0.6371193626482035 -0.7422878028933857 1.0
-0.6346567339175941 0.5565655788105937 0.0
-0.926531572127117 0.13987498703911805 0.0
0.02220592865442006 -0.9849503616864681 0.0
0.2525436427129364 0.8792861533907339 1.0
-0.8189605197535401 0.11287911947961637 0.0
0.9400727219624925 -0.02470557968316811 1.0
-0.066361156430359 0.6269093459845239 1.0
-0.9253755801514993 0.6692186432034792 0.0
-0.9030711723721758 -0.9048007515084793 0.0
-0.9703421787193263 0.8209876158634688 0.0
0.3932729688219392 0.597296110037129 1.0
-0.6269886425068658 -0.35931721472194744 0.0
0.06677493154493086 0.06978898736702588 1.0
0.9539340088840254 -0.8008765915881308 1.0
-0.5919402088171402 -0.2347547035169213 1.0
-0.7452110812440014 -0.4631817224543773 1.0
0.0009988645750467207 -0.01889574833234997 0.0
0.3071769538043678 0.5634360411408743 1.0
0.21880286120895254 0.44050388398061324 0.0
0.3640414332282078 -0.3908887162034935 0.0
0.014762530007573549 -0.8900665643644912 0.0
-0.689688815272683 -0.10207590928789423 0.0
0.15104512839079876 0.2188235435420025 1.0
-0.7098316806458287 -0.761269813258433 1.0
-0.6290487993191232 -0.7045725234515625 1.0
0.6240331163729831 0.37013036985624326 1.0
0.6810601020215628 -0.9460377596372644 0.0
-0.6441832568308188 -0.2867796266755671 1.0
-0.2420274789504855 -0.9856330903006654 0.0
0.9587517526797074 -0.27922554854189086 1.0
0.3337051547361993 0.9001825610099068 1.0
-0.32990583120181727 0.21127026775427216 0.0
0.5913576164593843 0.10891161395585924 1.0
-0.7058366899386415 0.9875040821732961 1.0
0.5958666537952857 -0.3221684359725503 1.0
-0.5228990435141203 0.9146768493725694 1.0
-0.32491573501727244 0.18953409791230102 0.0
-0.714015243332035 -0.3171465114540759 1.0
-0.4525327086527726 0.741898896780534 1.0
0.4085420815302805 -0.9091316388943802 0.0
-0.6728951269664731 -0.5863161112278359 0.0
-0.15517606596645606 0.13554184891811327 0.0
0.31786759242468987 -0.7503166265432866 0.0
-0.7118450269904975 -0.1956317617895187 1.0
0.5768939222993337 -0.359360976535835 1.0
0.5536461822489034 0.478043625042998 1.0
-0.7529468181420438 -0.22714676936814193 1.0
-0.7052809732719802 -0.2750741038973641 1.0
0.4115996094571155 -0.18012904220024706 1.0
-0.9455899144080511 -0.3897730482228039 0.0
0.7360445499753967 0.9505580964426834 1.0
0.4516737359340275 -0.9248035671842387 0.0
0.875634353238508 -0.047671547763338484 1.0
0.2572735496041827 -0.7562440883811528 0.0
0.24282725979735553 -0.3682210661038845 0.0
0.10558710230559565 0.8452099846510779 1.0
-0.7717340156851202 -0.14367995757390473 0.0
0.05744128415864225 0.9242261016597726 1.0
0.16680012934053923 0.4088569755054645 0.0
-0.25189625824886575 -0.6109121420332855 1.0
0.1573851838364273 0.6549198901862052 0.0
-0.45054815095087464 -0.6960344062121915 0.0
-0.6297799004270097 -0.5568675956715876 0.0
-0.589498296706447 0.9026987758661027 1.0
0.24108998184079078 0.028990739131956156 1.0
0.13759401424613116 0.8732886431381266 1.0
-0.2244407209906738 0.7521921543226793 1.0
-0.9343920132625783 -0.5284989568301266 0.0
0.138591293740276 0.976454081654097 1.0
-0.018506678154158962 0.5969583911754062 1.0
0.8656308732636162 -0.17850555242787292 1.0
0.2735845038164588 0.20537468327615294 0.0
0.11244248534669699 -0.1374543752081212 0.0
-0.7110638779370468 -0.6296747627522583 1.0
0.23665817238679954 0.9274144295323632 1.0
0.4598672017100629 -0.08661286164920634 1.0
0.01458328174524226 -0.6144342308601107 0.0
-0.3105982040387285 0.04846423033528513 0.0
0.24561324401866358 -0.34507461941092665 0.0
-0.38567996655310544 0.1663474411398005 0.0
-0.5926559119664319 0.2561700516272316 0.0
0.3848981737903203 -0.45960398452471996 0.0
0.489269472950947 -0.2649997152479193 1.0
-0.12890087783980508 0.9647715795539578 1.0
-0.7459949074883085 -0.5647771271408624 1.0
-0.8920213376241439 0.985398055484823 1.0
0.5698278531001324 -0.6200775528701714 0.0
0.8855409621941739 -0.8003755393425398 1.0
-0.3386432284688494 -0.6726977153570557 1.0
0.402033311237473 0.21427717104470423 0.0
0.44242810689424705 -0.6040892284270285 0.0
-0.6824636853631592 0.0017127419471070215 0.0
0.7593823008519203 -0.4367409226262726 1.0
0.2954390870061554 -0.4465214508284918 0.0
0.0312828145947559 -0.09484465770991002 0.0
0.08264287193709863 0.4855008716883005 1.0
0.9711488077666339 -0.28926768815834203 1.0
0.8975275360734498 0.13415729283348532 1.0
-0.180753378259902 -0.757740512794344 0.0
0.9040086439755735 -0.05620485706665379 1.0
-0.1634396133476168 -0.69871509037927 0.0
-0.43839723298273103 -0.7028192026964708 0.0
-0.23091540020742607 0.804963530544043 1.0
-0.20103557035874653 0.42553619894834727 1.0
-0.562779715459248 0.10341633306819298 0.0
-0.4517766082635799 -0.7033535656623662 0.0
-0.43649538219571427 0.41765104899467476 0.0
0.0058804065239990155 -0.18997438387268728 0.0
0.35682847781990557 -0.34093915460930857 1.0
-0.34089366103532615 -0.7387632045106485 1.0
-0.5369155069370635 -0.21557064220870514 1.0
0.14220593156615546 0.5873783591179078 0.0
0.650816380133312 -0.9495139349375807 0.0
-0.40208242842045827 -0.2118795193372287 1.0
0.9659649576446867 0.22979985926095803 1.0
0.534443700557109 -0.1863652856677389 1.0
-0.2951300806042143 0.7442898079584199 1.0
0.5812770273293701 0.828580840332231 0.0
0.06969792681471598 -0.9070162236104344 0.0
-0.413253964723038 0.3445108590270278 0.0
-0.17720152224879193 0.7644791333420031 1.0
0.9245679930687345 -0.5980742945648736 1.0
0.09655251955770772 -0.72651869094957 0.0
0.8365273631439012 0.6164248827438381 0.0
0.42647738349639996 -0.5128471746130565 0.0
0.8027039727989902 -0.2550968995118654 1.0
-0.07273541289197438 -0.03257335967370456 0.0
-0.12982909043115232 0.1179966956819678 0.0
-0.3430620703063383 0.0875170158713452 0.0
0.3653060626926359 -0.4535479372119824 0.0
0.026023855821564634 -0.25774856364202714 0.0
-0.28552709113478825 0.4992556948138225 1.0
-0.394130519038588 0.0471984493209896 0.0
0.7317551025375886 0.9180519577382547 1.0
-0.22538803498605064 0.7730305733383387 1.0
-0.519798533786088 -0.6423139095936399 0.0
0.7686577187846306 -0.6272772296566411 1.0
-0.048787662511363905 0.18832037487849385 1.0
0.21658747679602963 -0.5305737734431866 0.0
0.6074087463260396 -0.6554835830679886 0.0
-0.7362912789281897 0.5322416149066247 0.0
-0.23454530696057208 -0.49130705742810865 1.0
-0.2477508342509258 0.6009002535369194 1.0
0.655279626848515 0.4392105315457042 1.0
-0.03468197681762897 0.5155036371738948 1.0
-0.3826777979798004 0.37135089936403776 0.0
-0.5326689253057924 -0.0739951597808497 0.0
-0.10497157184804617 0.620844968383869 1.0
0.7749246648983072 0.6576954202273491 0.0
0.9919781964618037 0.2957660805179638 1.0
-0.21288112780969826 0.6902559923528364 1.0
0.43059592658013424 -0.4542023546630385 0.0
-0.9641219287507461 -0.792592444549747 0.0
-0.411328049353171 0.42596502220493115 1.0
-0.7890921645389803 -0.6397962477116035 1.0
0.2694940454643855 -0.7593436291587623 0.0
-0.037185332065690746 0.8730171670378208 1.0
0.18166842560299878 0.5304982044902435 0.0
0.9941261333476716 -0.6818890467697492 1.0
0.48828607661627865 -0.36804831597177534 1.0
0.22442485953187585 -0.4714261548082499 0.0
-0.7356918970677382 -0.7670212154294191 1.0
-0.5233812832375218 0.37086168741642456 0.0
0.638500295897592 -0.009238302876761306 1.0
0.5719504240840783 -0.7852242583948881 0.0
-0.7399270354877379 -0.9676045780499567 0.0
0.26511930926049376 0.893195595888634 1.0
-0.46677224437961873 -0.19737340592241015 1.0
-0.7758631748634552 -0.7442129063792287 1.0
0.2598570333577854 0.8145086603426301 1.0
-0.5017256747052934 -0.20940815645344157 1.0
0.6861129996340221 0.40385299708770717 1.0
-0.39445437578955533 0.35160647405949486 0.0
0.21555500502277725 0.10893123678958339 1.0
-0.37633788585959205 -0.8465882376137361 1.0
-0.10226827073038147 -0.24906080137448616 0.0
-0.5857472342907508 0.5969205603498617 1.0
-0.8141380392711954 0.6688249772322676 0.0
-0.7447020346689988 -0.706696887238536 1.0
-0.8116160730485726 -0.13437976351559433 0.0
0.2980468154352247 -0.605874050493816 0.0
-0.34274061033361947 -0.46999478500876624 0.0
-1.2985619509686686e-05 0.5612207385691024 1.0
-0.6846197723100444 0.7262213874861052 1.0
-0.16077157038084566 -0.530566554368654 1.0
-0.3514921171684722 -0.2844828408607134 1.0
-0.5472441470841174 0.935083349061995 1.0
-0.7434078648734517 -0.06524901515610648 0.0
0.9612346815037025 -0.3142817343225308 1.0
-0.13247816964469972 -0.09957995142294918 0.0
0.5933797414909556 -0.47324575529022006 1.0
-0.9323828075563587 -0.5754947279700409 0.0
-0.7553101610782127 0.03253016776409856 0.0
0.6737171205639225 0.4622719698757689 1.0
-0.16312555625799585 -0.2669939127943959 0.0
-0.578200958783472 0.03827176879649907 0.0
0.4162187870631351 -0.09618301867729007 1.0
0.34977331136825907 0.06875328658033064 1.0
0.3783010260397135 0.17472576278115026 0.0
0.35939232096293194 -0.8024612523866042 0.0
0.5751194496482135 0.8157378057221869 0.0
0.3309674533620557 0.8849125441014083 1.0
0.0036680387761016675 -0.41176537950386294 0.0
-0.8159381054741248 -0.09240437545188418 0.0
-0.8889067047444301 0.7008452490957846 0.0
-0.41973956755485164 0.6041667689065553 1.0
0.7454518328241129 -0.9405343226773655 0.0
0.16959361327922506 0.07395838961567458 1.0
-0.5826638120287575 -0.1794916200818506 1.0
0.214246599572242 -0.3302847709340506 0.0
0.053650986669605105 -0.82477864610579 0.0
0.008552413893036626 0.6796276729853483 1.0
0.725007034528518 0.47907444694830637 0.0
-0.04706712156487325 0.07967670964568851 1.0
-0.22625837327100218 0.45035067858672684 1.0
-0.2504522140623757 -0.40925513589330165 1.0
-0.22658567659009288 0.1419643461259179 0.0
-0.13005488903010987 -0.88014833831048 0.0
0.7317028566157413 -0.04026380682457842 1.0
-0.8904192140799534 -0.1109435799767855 0.0
-0.6076277913104924 -0.7790378736360752 1.0
0.48981754002228306 0.3112513531380141 1.0
0.6699202752915663 0.8693433078362769 1.0
-0.6278351466633312 0.4085013924674772 0.0
0.45690005899729025 -0.008983208246901908 1.0
-0.9152683471768768 0.27668133557907937 0.0
-0.41183804350443376 0.4721739598913879 1.0
0.24725499981590526 -0.6790748461739995 0.0
-0.48728156310298587 0.8302446456060044 1.0
0.3763942773611646 -0.21829837564581123 1.0
-0.7426684281547193 -0.5644819033427493 1.0
0.13251906446369044 -0.3711164353625538 0.0
-0.035623996467393004 -0.13450813152036623 0.0
0.15247798131027457 -0.8438488587504474 0.0
-0.555239140886556 0.9019600607240761 1.0
0.8058120700923965 -0.5717468215959645 1.0
-0.31919780865684966 -0.8586667178908023 0.0
0.02080054192698655 0.08627801517791855 1.0
-0.02486119157605482 0.644469955882113 1.0
-0.670912151849089 0.25289353098709877 0.0
-0.6535962539491973 0.7289603321773244 1.0
-0.28686866119934784 -0.11186479237253 0.0
0.06924650267144217 -0.46533126061419217 0.0
-0.850499954833424 0.6822841079117448 0.0
0.4235354076167208 0.3249529607419954 1.0
-0.8754845501806754 0.5795641750260019 0.0
-0.1960685621810152 -0.4650896614259594 1.0
0.6517899450718687 0.10330343755589766 1.0
-0.043150007225498666 -0.7902266114751884 0.0
-0.9793046556138723 0.6752550179933465 0.0
0.6606559334129083 0.42568927035824644 1.0
0.444891224195775 -0.903713101344084 0.0
0.5623519661070213 0.4486392193318194 1.0
-0.5757059361929786 -0.019765353497450455 0.0
0.3907441062937709 -0.614404866182523 0.0
0.9408787641232741 0.960237406440924 1.0
-0.14671087845209874 0.17933327983493363 1.0
0.20449545109774792 -0.297161298524087 0.0
-0.6531032658064502 0.6608082596885849 1.0
-0.9098859812516309 0.80445149172899 0.0
-0.324682064235585 0.48898655639427435 1.0
-0.7579022438725438 0.21365829394040836 0.0
-0.8307483977889198 0.609234921342551 0.0
-0.2920081281554505 -0.39352003709018457 1.0
-0.9773396746544456 0.05427106846969054 0.0
-0.6588198474956146 0.15313305210514416 0.0
0.3649178493543248 -0.3080687787513279 1.0
-0.4861779431410136 0.36931271666170784 0.0
0.7684704381399858 -0.342571640522654 1.0
-0.5722099401459315 0.497431957027733 0.0
0.22333517182838647 -0.5196791270043941 0.0
-0.7638985899354174 -0.932124327906388 0.0
-0.07855875119371158 0.28982815137439566 1.0
0.7658316700876784 0.6479719960612784 0.0
-0.6434491513709983 0.9820076108160989 1.0
-0.08854202272699085 0.53162555814591 1.0
-0.8034176870933714 0.3363459759645675 0.0
-0.764211829585346 0.568515262697181 0.0
0.9563588702100856 0.6170543937824582 1.0
0.10589934583813942 0.6717154654105946 1.0
0.09248335353961479 -0.789514546646761 0.0
-0.025453986618829916 0.7000877165707724 1.0
0.19831636129786956 0.1650812936430328 1.0
0.9021720704741203 -0.7036477631805014 1.0
-0.013168563440904002 0.291511490951468 1.0
0.7006948961746335 -0.43846320777666037 1.0
-0.8337159717082796 -0.28793140819006413 0.0
0.2190819903686021 -0.797143986514566 0.0
-0.6392284487119586 -0.7950353557823846 1.0
0.9727068100212755 0.3632585348761368 1.0
-0.7880601872531552 -0.9436953190781157 0.0
0.01624760216109289 -0.1655911364710927 0.0
0.9904023947682101 0.4115497328228799 1.0
-0.06489359133280104 0.25551465909476234 1.0
-0.7331093634317587 0.11827516228519941 0.0
-0.386347063134135 -0.8567149759504167 1.0
0.0363399203960022 0.6288759155386927 1.0
0.7664790736918043 -0.8093136792291746 0.0
0.4766326448252409 -0.022735985797822433 1.0
