x y class
0.518133316136905 -0.06320625140188829 0.0
-0.31973140405601863 -0.5332810625478372 0.0
-0.3230911112584449 0.6616071210912364 0.0
0.4718920861794198 0.6634081985164533 0.0
-0.014623873834880508 -0.8491343824587856 1.0
0.8126327768976989 -0.47425276575525843 0.0
0.009590655740854048 0.779368412186408 0.0
-0.5555052230024595 0.09882334513435631 1.0
0.8968973593170655 -0.356127330554342 0.0
0.047629110029820954 -0.1812948686837963 0.0
0.46863966663875667 0.6424760820590496 0.0
-0.7799384078020692 -0.5399369082653176 1.0
0.8337222732337928 0.7591744578022308 0.0
-0.9097459154317535 0.8038752917456355 0.0
-0.7109076576974183 0.3042975558231935 1.0
0.4906208094403093 0.40523896739960974 1.0
-0.007992185946677388 -0.500997564340194 0.0
0.7498019519906409 0.22104347466359786 0.0
0.7368322818977511 -0.33518557838851626 0.0
0.25459910443045186 0.7181121372916246 1.0
0.33989304245709007 0.8906142075521377 1.0
0.2712866314264386 0.08839202120014411 1.0
0.43701603731286776 0.7114593121674293 0.0
-0.5164147775423478 0.23886414023355917 1.0
0.5134442879591499 -0.13168437177434344 0.0
0.2407244435724758 0.015450220285600391 1.0
-0.8164232849508533 -0.5685596046957704 1.0
-0.95794901427496 -0.1890510968891561 0.0
-0.10710089387555355 0.6880532147350951 0.0
0.16245458370164956 -0.7771274879067305 1.0
-0.28698552416732315 0.9370295305251484 0.0
0.08733729854824879 -0.631522756057443 1.0
-0.3725129393265605 0.2634207262607069 1.0
-0.5437115775246986 0.9547707728184933 0.0
-0.43594789820226665 0.20479053908150835 1.0
-0.21386639503726035 -0.3882308679084425 0.0
-0.9886781178461521 0.9739074695589278 0.0
-0.21295749245013496 0.9900221630126382 0.0
-0.263537909916127 0.9672519803867108 0.0
0.44004382476518455 -0.4160058022984381 0.0
0.1852031548415205 -0.8410319993181044 1.0
0.891696238448477 -0.5333380558899996 0.0
0.5738949811397931 0.8505637534845569 0.0
-0.6873340783941932 -0.03163605487739152 1.0
0.7155922292810242 0.6965604848400762 0.0
0.91354332832736 -0.22337938065149854 0.0
-0.4033380908377344 0.8114855678211359 0.0
-0.7435526158801968 0.47918829260458606 1.0
-0.07971043079280515 0.5769237464734063 0.0
-0.5724595982067147 -0.6359380870394973 1.0
-0.40354750268738804 0.9310143744273871 0.0
0.2404180057208345 -0.7965509165929692 1.0
-0.7393557842566987 0.24534242807325035 1.0
0.8361879218337476 -0.5908212577179925 0.0
-0.7286460657642229 -0.04034462109774117 1.0
0.47009586551159366 -0.9147426722884171 1.0
-0.9886516322268786 -0.9024492965018516 1.0
0.5919227688278663 0.48667250764407055 0.0
0.8678772629193692 0.17343106606931435 1.0
0.9602543509013717 0.8916197646689761 0.0
-0.3441130850601042 0.3114341152600679 1.0
0.6593619624437854 -0.9885693926254642 0.0
0.7861484017100606 0.21116236384171572 0.0
-0.8275747769924087 -0.26901032459780194 0.0
-0.16871496849191225 -0.13725937545080225 0.0
0.5640116791413927 0.21977970121665868 1.0
0.4473310859751807 -0.6744937557269737 1.0
0.05790140695819246 -0.8205858718194947 1.0
0.23992673984299118 0.5037872757770734 1.0
-0.11503200006256664 -0.7866981150127992 1.0
-0.028435092033314735 0.636354106254089 0.0
-0.11235339906022057 -0.7781694903573064 1.0
-0.2393002949323002 0.00927377492209902 0.0
0.011272268455285284 -0.06652077765541775 0.0
-0.04507249770715793 -0.24697571486042147 0.0
-0.6870162172834009 0.6723009234667447 1.0
0.8303595993457666 0.889339629757327 0.0
0.4921715158901119 0.9434822289281177 0.0
0.12097585444327041 -0.21257337082020022 0.0
-0.03476064990683847 0.31199536605584144 1.0
-0.8276805228569664 0.2469379170287589 1.0
0.13018218656017666 -0.10731271373764284 1.0
0.06334217120550156 -0.4163958364820626 0.0
0.8853313378833398 0.05512803181763526 0.0
0.28510475091985543 -0.5772278570977625 1.0
0.8415871330282347 -0.18980208479080063 0.0
0.8765488135242976 0.21555885864631663 1.0
-0.30945263743141505 -0.9590941009750065 0.0
-0.9254298418694209 -0.544914286059893 1.0
-0.5245546324848747 0.4843874774984587 1.0
0.5156373383813624 0.7302597394654036 0.0
0.7414741717736641 0.26328652767327054 0.0
0.49534684824748054 -0.2644267614074043 0.0
-0.8806395494091743 -0.6130333343407941 1.0
0.7565420632246276 -0.9558502192136662 0.0
0.7415913318785676 0.7886002986769483 0.0
0.4284327938480401 0.358900912002849 1.0
0.09173233804242376 0.7195042945867498 0.0
0.875678938472177 -0.7458719404345435 1.0
-0.6497549380053456 -0.780342787256576 1.0
-0.7091888271020812 -0.8073101221316048 1.0
0.5142413760620632 -0.7110307281849841 1.0
0.34287570627405484 0.865741442491412 1.0
0.13591458189631367 0.0018377877536550624 1.0
-0.9123191066064591 0.8742224407427315 0.0
-0.16689141205828828 -0.4037227371238361 0.0
-0.40403053139063494 -0.3750436071265053 0.0
0.5678703524109534 -0.026445471009131305 0.0
-0.9724589372650805 -0.502385633431826 1.0
-0.094925959658553 0.051096433769364236 0.0
-0.3887010228301322 -0.9949839226756809 0.0
0.8933871554534101 0.3815997292762692 1.0
-0.19813641058751963 0.610038643728668 0.0
-0.12784175137809606 0.4918986931340259 0.0
-0.21717435006134544 -0.48153583205032136 0.0
0.9184379537673191 0.10270661775119194 1.0
0.1633290375861567 -0.9212652791370899 1.0
0.7587841445205545 0.08007970845783041 0.0
0.32810038451110457 0.31301662363312777 1.0
-0.40580084581811304 -0.07975148228174334 0.0
-0.6459480294796838 -0.01924830145897749 1.0
0.8958632192570597 -0.9531348899685561 0.0
-0.42403466079189833 -0.7879826732432935 1.0
0.9940309460077941 0.9052607384646603 0.0
-0.47581895147828956 -0.20133355856033397 0.0
0.6861085337858586 -0.32666521882316246 0.0
-0.17804366408679684 0.855305347423128 0.0
-0.29370855249373884 0.12976720746841375 0.0
-0.8851333428723396 -0.22898907848513028 0.0
0.3443375372925721 0.508381594087544 1.0
0.7933995307485977 -0.5823523634088814 0.0
0.6187169235100412 -0.9122223212953942 0.0
-0.11656674463385808 0.6334629633430933 0.0
-0.4396050454887943 0.974325071615531 0.0
-0.06334727104229709 0.005630478799042882 0.0
-0.20063051524563114 0.20348169138391592 1.0
0.6072391143591707 0.9492000999599175 0.0
0.33550912547202594 -0.24868832202765234 0.0
-0.8035133302946436 0.5123253844795224 1.0
-0.7418601352056187 0.5374090296984728 1.0
0.6291021947712712 -0.3353562788034432 0.0
-0.0012825121839517006 0.4866603724713945 1.0
-0.5075905336459821 -0.05849502231063708 0.0
0.2023265002345609 -0.9618751676520474 1.0
0.8443687248413974 -0.018540695201401558 0.0
0.39960606257739406 0.5449821670409782 1.0
-0.2994982288348782 0.4199411502061037 0.0
-0.024922519338516747 0.2094906518900912 1.0
0.5836902745501427 0.8327057431815095 0.0
-0.8807595723047783 0.19930096484029902 1.0
-0.6580043810213616 -0.9908615925868449 1.0
0.8705917091737501 -0.36307005680484683 0.0
-0.5381325742039325 -0.5280581984734516 1.0
0.05785905961019222 0.707331388635901 0.0
0.9540553471862201 0.3380539684617845 1.0
0.9896446872459221 -0.2257253064427993 0.0
0.02842700729022951 0.6301190576131595 0.0
-0.2903402786693403 -0.22332740297932419 0.0
0.87553176267656 -0.9640547094891758 0.0
-0.9937108148406191 -0.17649879625657405 0.0
-0.9540624269775544 0.3347535115182281 1.0
-0.8474426437571945 -0.8577579003805789 1.0
0.4342763040385371 0.5293633600222121 1.0
0.9290301709697657 0.3645999162463627 1.0
0.21638563108403686 0.45838855257310107 1.0
-0.8995307572169273 -0.8411335643259648 1.0
-0.91073187478218 0.4855981871244692 1.0
0.6227829482291369 -0.5608302641642859 0.0
0.04915425074131452 -0.9381719515326477 1.0
0.1945431404164073 0.7908994852234708 0.0
-0.026946650086400403 -0.547515862962934 1.0
-0.34217506546285614 -0.09519830386074313 0.0
-0.751161607897552 0.9039444334445066 1.0
-0.8245070514299866 0.7118402605204619 0.0
-0.2338428915963029 -0.6858530160353784 0.0
0.6607251152195703 0.871244711948526 0.0
-0.37387802865892694 0.8172646950750382 0.0
0.7113914544801354 -0.4396555610023616 0.0
0.5375012321895503 0.6897110500416901 0.0
-0.3573027304823857 -0.7775085303169149 1.0
0.14249267488954342 0.7486353214013017 0.0
0.7167551608515221 -0.6984958493390265 0.0
0.2050633744438355 -0.5062002564395869 1.0
0.31505215601089964 -0.4897717693443999 1.0
-0.8542322390740507 0.2997371414924934 1.0
0.49714195421156937 0.5823504056592306 0.0
-0.5998466319329112 0.13281912459028322 1.0
0.8618630331331185 0.48566863771118984 0.0
-0.6051588813850355 -0.5574036212140696 1.0
0.20780933086365994 -0.010859087696469372 1.0
0.17027804779482025 -0.8433951445744101 1.0
-0.37484091233946626 0.4944091659560297 0.0
-0.38072073344390556 0.35058675068171663 1.0
-0.4734247850191895 -0.7499748168150195 1.0
0.031417968998756596 0.6140603447437696 0.0
-0.7760054095224216 -0.6194058694299354 1.0
-0.6266046315449283 -0.6607387445856501 1.0
-0.4903823221925445 -0.8885137838555217 1.0
-0.48225018237317485 -0.1539049824945662 0.0
0.6219209792179523 -0.4802024073431925 0.0
-0.5666259202314154 -0.10649501787576887 0.0
0.5186327461915881 -0.6890895497932716 1.0
0.8113161592020359 0.6382701196113008 0.0
0.4355423292184164 -0.17308491523906167 0.0
0.8466078338975112 -0.9667053512461714 0.0
-0.8571342171964296 -0.8582042957542377 1.0
-0.981039827279186 -0.5982687062312686 1.0
-0.35841057530456943 -0.6938358477243671 1.0
-0.4704987808589973 -0.961091485265865 1.0
-0.3048469988630145 0.32477967013946696 0.0
0.7904148645179725 0.7773656146534074 0.0
0.17485446722496856 -0.751982799561336 1.0
0.1775025688207914 -0.5301911323209794 1.0
-0.4695567722077725 0.014464473226592611 0.0
0.31701384011568057 0.23975552344705542 1.0
-0.5049029619453318 -0.38026170961548655 0.0
-0.261428433601256 -0.434033113349092 0.0
0.8544050168365298 -0.16622423649714824 0.0
0.3531029680937945 -0.870476730016515 1.0
0.9261321950855919 -0.19624272673977883 0.0
0.5391143419892019 0.2880887773477707 1.0
0.5183780426397058 -0.4432796735210647 0.0
-0.5213068531976186 -0.5198390815505431 1.0
0.14049959114849453 -0.6896742850002946 1.0
0.9071016053139971 0.6095615496116034 0.0
-0.6539242997050683 -0.06858351075106706 1.0
0.26845383973278847 0.39414251230746844 1.0
0.7393820729169887 0.32705514428455573 0.0
0.7693012589729056 0.06999770977551512 0.0
-0.7854001448894035 0.7710414459797628 0.0
-0.7025307035170552 -0.438225393364831 1.0
-0.05670983739985114 -0.5148757953133063 0.0
0.1990729894279042 0.8882943015834459 1.0
-0.7036307842882015 -0.2637690057010238 0.0
0.08933173400927963 0.1971938262098598 1.0
0.958910395431138 -0.31227252967730323 0.0
-0.07170786707744115 -0.2760369158316769 0.0
0.39711839210168765 -0.40187374171302004 1.0
-0.12310452056528542 -0.2340845167909118 0.0
-0.5428584403355035 -0.15053136926093136 0.0
0.40832870376569463 -0.10503525402255343 0.0
-0.21585007041154913 0.5704507206748985 0.0
-0.7236587866188975 -0.9655711758392744 1.0
-0.13140473759673466 0.6306723221987827 0.0
0.5685055982662433 -0.6125473697279729 1.0
-0.5771499215487808 0.592007397806805 0.0
0.01817191380925065 0.19286770914268092 1.0
-0.19748324862995226 0.7660094796068762 0.0
0.12182340069632147 -0.5588583473539779 1.0
-0.91244521786331 -0.6811054293550203 1.0
0.8583778125611572 -0.5471150096288837 0.0
-0.2367722735854394 0.994809784982911 0.0
-0.10587849949286499 -0.14098483752475 0.0
-0.09030930622049693 0.7967647289024904 0.0
0.9577838984783431 0.9526311330374957 0.0
-0.034857128225048495 0.4038683695980272 1.0
-0.45582444662366695 0.1854273625349212 1.0
-0.22021226646323266 -0.10216355729260096 0.0
0.6636513889313109 0.2682097522668341 1.0
0.8457677534427519 -0.6378310354965091 0.0
0.7876213987865477 0.5039553386301487 0.0
-0.08162099901253184 -0.48899708341796777 0.0
0.5039034879752549 -0.10101054669982745 0.0
-0.2740192468803291 0.6006605060779129 0.0
-0.7313481669815933 0.8732336126182645 1.0
-0.22627395669884964 0.8271549214312981 0.0
-0.4569880175599752 -0.31907385954808776 0.0
-0.286142153572033 -0.9426547526486342 0.0
0.4724253538970864 0.8271033721855778 0.0
-0.08090886247990658 -0.9389751913912099 0.0
0.6052721446739455 -0.435631217118559 0.0
-0.4496641521678071 -0.16601967476582846 0.0
0.9900756133419086 -0.729698040781783 1.0
-0.26208421100518864 0.7476075915351872 0.0
0.8414032632797377 -0.8256427739433994 1.0
0.10138049864832221 -0.2782991865966038 0.0
0.39386515580053305 -0.942578147817781 1.0
0.879071372908804 -0.5542707340141124 0.0
0.2680568290020815 0.5100863587478803 1.0
0.14174670214481133 0.4281295041217519 1.0
0.4065475520813746 0.5492026457204893 1.0
0.5098748761160738 -0.3083618182057015 0.0
-0.41534868356389554 0.31631489315751926 1.0
-0.9610349125606188 -0.7426228133759007 1.0
-0.847900746581673 0.16210397183509984 1.0
-0.30839429279385633 0.16298599957870064 0.0
0.09516415845581494 -0.4189413637153476 1.0
-0.7044093292660714 -0.5048931286753937 1.0
0.04783892710184556 -0.7200149441113133 1.0
-0.3354193052623011 0.705050398642677 0.0
-0.1671674447100726 0.5380773353462789 0.0
-0.0055186675602567625 -0.49463904052077257 0.0
-0.8627973258836088 -0.4081747099058881 1.0
0.17641771459786382 -0.9505395795341784 1.0
-0.29165887939628177 0.35991257249395137 0.0
0.24843086866431485 -0.3068275631564785 1.0
0.5947207564488193 -0.7819598163150729 1.0
-0.47850796584829336 -0.7979212341555133 1.0
-0.23489812060049475 0.9120841714685688 0.0
0.810867665879593 -0.39888425369902714 0.0
-0.9112579458635766 -0.6378532018277085 1.0
-0.28448443157477876 -0.8299309690650736 0.0
0.3469296894701508 -0.9681624658984556 1.0
-0.34370326980031707 0.20366004232454338 1.0
0.9058981990489718 -0.001677618413486126 0.0
-0.15030282645824178 0.05731452341529564 0.0
-0.8188035314248858 -0.3948807480003127 1.0
-0.2813096037425884 -0.9350270945923125 0.0
0.6145185932212112 -0.7962682495439846 1.0
-0.20763546603832572 -0.9221771655830775 0.0
0.4054649114234621 0.3399184399638251 1.0
0.5792364204664067 0.007882376373133493 0.0
0.7787572648504673 -0.43074078441760744 0.0
-0.6039617258180288 0.8420870283547683 0.0
-0.750696835681949 -0.18893078805540764 1.0
0.45486843883155514 0.8318431718439234 0.0
-0.8272753508673374 -0.6328457766381117 1.0
-0.5571142269702065 -0.36672911769219807 0.0
0.10883421669429838 -0.7169199206786678 1.0
-0.36392841732086945 0.2432174683630639 1.0
-0.8200309825224708 -0.9642438177529655 1.0
0.5091258335486906 0.45726843629530656 1.0
-0.5803288940004179 0.2450115161476727 1.0
-0.5142122746087745 0.8686078483201827 0.0
0.05422446311806439 0.5728588813362756 0.0
0.11039500690791382 -0.2951142349368894 0.0
-0.25798923548544517 0.791652002282839 0.0
-0.4693844380593595 0.8072490215808206 0.0
-0.6352939358660732 0.8593475093472822 0.0
0.959906145739605 -0.7363742950161032 1.0
-0.7678766386134444 0.9835990168486737 1.0
-0.6972151328757938 0.492601656338866 1.0
-0.82479655660045 0.5054044736601766 1.0
0.7312383533315161 0.38433494275112023 0.0
-0.09664932417086813 0.39947171478302645 1.0
0.4229879014305513 -0.9785857897591592 1.0
-0.21703891585046686 -0.7309549899743031 1.0
0.20646304016241146 0.8174719268321193 1.0
-0.5550186729768876 0.09023797994397142 1.0
0.9075478172427731 0.5295351028343003 0.0
0.8672420992553636 0.6182953984653652 0.0
-0.6664097364679642 -0.5585899636743794 1.0
-0.4354053530862212 0.7629425869980091 0.0
0.2621353050333288 -0.5813219552698514 1.0
-0.7730381330571665 0.1215186220625506 1.0
0.2780644214650312 -0.9595654029694545 1.0
0.9165054274774989 0.16757272730975492 1.0
-0.3544506509134442 -0.9808288230329583 0.0
0.3315125338975018 0.0024760482915522353 1.0
-0.9065131754520703 0.8991526126741878 0.0
0.5030846609139688 0.7695331462135888 0.0
0.12343938245320696 0.8032918545971146 0.0
-0.7010566468295516 -0.11807787368034162 1.0
-0.6046334535259035 -0.14859009320512828 0.0
0.5395988578270994 -0.9241014740054461 1.0
-0.2735307244801475 -0.5627499546560006 0.0
-0.13091210623813243 0.20209151475968756 1.0
0.8348408088554455 0.09870506595126494 0.0
0.2502444807191426 0.17304289442952503 1.0
0.924079328234823 -0.06434476061069239 0.0
-0.6143580308896248 0.798251587497431 0.0
-0.009673813281540378 0.1837942949230389 1.0
-0.41380049250827167 0.3219868899854026 1.0
-0.7872781027384288 0.033910680754981604 1.0
-0.9644573903178733 -0.7166538928297295 1.0
-0.4787688439340785 0.35627119522370965 1.0
-0.22506401375542806 -0.31412851160448807 0.0
-0.77048042812523 -0.6591876865989972 1.0
-0.19086424974768312 -0.055189817734454305 0.0
-0.49690813052104144 -0.8625730101963187 1.0
-0.06880030290712891 -0.6788113025624836 1.0
-0.5428487973244425 0.3185365914946292 1.0
-0.9676639859897558 -0.485500503166995 1.0
-0.05286014481392565 0.7601520590967372 0.0
-0.3849364024563968 0.8553800969214116 0.0
0.17791602225985925 -0.3649446402170273 1.0
-0.593740943222919 -0.8758132428144787 1.0
-0.434418606056044 -0.3293472691175323 0.0
-0.3697742215172577 -0.1486312853652827 0.0
-0.9731420468516367 -0.9219798700704482 1.0
0.876188060967199 0.7664083797197194 0.0
0.4699245728545949 0.8934855146105283 0.0
-0.7969775235140846 0.34218501315837924 1.0
-0.6891466591885251 -0.07620678558100558 1.0
0.19298935905785108 -0.03904328970053794 1.0
0.36133290315530964 0.08889880666620531 1.0
-0.13582392042460434 -0.7063312832009423 1.0
0.8710371805940169 -0.9630086294493285 0.0
-0.5491283141571779 -0.26714510490353605 0.0
0.09566578002466697 0.9005323455281453 0.0
0.7009247059421306 0.8723935853150468 0.0
-0.7029814082947292 0.47516665094420607 1.0
-0.35709181505278287 -0.470396514304505 0.0
0.23177588997686782 0.5982637804535089 1.0
0.10721575686214102 0.006733884931387157 1.0
-0.8655088421181674 0.9545175618462927 1.0
-0.057399733868536584 0.8472655211744553 0.0
-0.37190004771071217 0.9432825854743707 0.0
0.03177994091474723 -0.770358371086711 1.0
-0.7373932406217267 -0.5969969688017351 1.0
-0.7992360203295521 0.32612056473910167 1.0
0.7366424172387156 -0.9405602839907963 0.0
0.6878398905915775 0.1842858479404228 0.0
-0.6687017402027648 -0.9039172883172093 1.0
-0.8500872616510491 0.4344639220554545 1.0
-0.9857895716473857 0.5337440039672037 0.0
0.8905022266568681 0.9354362101136622 0.0
-0.9336976180693801 0.8228889801599804 0.0
0.2556646573151955 -0.24160590711539953 1.0
0.20086092948108503 -0.730523573964863 1.0
0.6369268342499803 -0.542757515968616 0.0
-0.96956420402201 0.8960778934915838 0.0
-0.5064278788917727 0.18560564310423078 1.0
-0.800677865166934 -0.9342506591891802 1.0
0.23557533437591682 -0.18904234207176307 1.0
0.31444426934837777 -0.8950334521161254 1.0
-0.2115591262627574 0.6897795637102908 0.0
0.1884526873750385 0.14812558503040862 1.0
0.25948706730341087 -0.30432682806576006 1.0
0.8727657736678482 0.5348983351325507 0.0
-0.24125160467399565 -0.03803784789255982 0.0
-0.5277678183793586 0.5763427243865205 0.0
-0.6089481554352874 0.19482300757283877 1.0
-0.6812862437521583 0.06393517896187717 1.0
-0.2983584734471538 -0.58548984013525 0.0
-0.3933312070436159 -0.48831782955218084 0.0
0.6469197527975894 -0.3178871885314052 0.0
-0.781746378307743 -0.14933505774845313 1.0
-0.8962797318874434 -0.20253062621140883 0.0
-0.7233541865946322 -0.7498834708502475 1.0
0.07919799028667107 -0.4358261432913988 1.0
-0.1105532252262258 -0.9491625985242542 0.0
0.7255041388360828 -0.622224088855629 0.0
0.620518847107935 0.7291504058926781 0.0
0.3627199088463138 0.47774543837572647 1.0
0.88388813551461 -0.4847628456415223 0.0
-0.6356274127850579 0.41164863937570906 1.0
-0.08729456407126968 0.49786166699629497 0.0
0.8255927516455603 0.5697881223237085 0.0
0.60334883003172 0.3996260186643956 0.0
-0.5529822086538134 0.434472295370387 1.0
0.4467655724518014 0.12259777567954178 1.0
0.29275535405842645 0.8397715414069309 1.0
-0.7936716383189548 -0.5694676999881658 1.0
-0.5831626694913159 -0.739159263876638 1.0
0.30708073086542176 -0.5525705628401041 1.0
-0.8817292318450054 0.3490781563266676 1.0
0.12850194227379164 0.6248359585954739 1.0
0.4992970194680726 0.8506777595772688 0.0
-0.2371486562519889 0.7123635376403392 0.0
0.47600599063254334 0.8117849154954508 0.0
-0.5621341022604571 0.04102416906217532 1.0
-0.9087644850381735 -0.7052827821221559 1.0
-0.30818621403779556 0.5402928870526842 0.0
-0.455897499515308 0.523468509801069 0.0
0.9157481628664814 -0.5365546866964697 0.0
-0.12855130639190193 0.34909514187850244 1.0
0.2517683804754689 0.09381804040310371 1.0
-0.023615894540099047 0.7000058269596918 0.0
0.433719773472486 -0.36724137767626286 0.0
0.34260822813913494 -0.11415518287356985 1.0
-0.024176589486992084 0.6563155291793399 0.0
0.10301200833070179 -0.06243031580351266 1.0
0.20803279204597702 -0.8448349255298044 1.0
0.06269572051788042 -0.6948003886622416 1.0
0.7886196626306059 -0.5733620907705812 0.0
-0.9610330262221844 0.9624896477306626 1.0
-0.6016486669084402 -0.39520553715645 0.0
0.7914069467380638 0.3978293897065339 0.0
-0.9297551900504633 -0.20037773478852428 0.0
-0.9704158582683777 0.888901434099477 0.0
-0.5952620912786168 0.5720075193768557 1.0
0.5754274391363807 -0.938995875802866 0.0
0.7293624931501832 0.3328729127690877 0.0
0.7116023787173711 0.2539416716140783 1.0
-0.5725573035295755 0.19677307613495842 1.0
0.7286636306044141 0.9431619033196939 0.0
-0.33497986371825905 0.5672844821163578 0.0
0.0376365432464838 0.25272456654207254 1.0
0.7790140294593935 0.7483688976119569 0.0
0.14661953690878882 -0.07241457027119025 1.0
-0.26728423394758005 -0.18582550634879902 0.0
-0.6342080213220904 0.4151080927637498 1.0
-0.7301399023971522 -0.9847949995354668 1.0
-0.6756303904257437 0.7544166704634601 0.0
0.3243327804630838 -0.6256939165273758 1.0
-0.2079410481822377 0.6951486506379183 0.0
-0.7189883418090228 0.8463801443761325 1.0
0.08522225407119888 0.05285156667996249 1.0
-0.3592171048286177 -0.40147511068757935 0.0
0.5961447391708563 0.18852060143800786 1.0
-0.9953613163976711 0.3736455153576006 1.0
0.19194886016547663 0.235719233785185 1.0
0.7616590880474867 0.18387711717826272 0.0
-0.6951765876733389 0.9383343514878129 1.0
0.7025346858904888 -0.45187812515950876 0.0
0.8678457139312943 0.8506389927642877 0.0
0.14152520276379232 -0.19166452621252517 0.0
-0.5192345635208382 0.6962306900270316 0.0
0.7943272193572011 -0.9128997213333847 0.0
0.8249955978160834 -0.9799944890336347 0.0
0.7049435553290795 -0.05864391417050929 0.0
-0.8637293728523123 0.12164611992780539 1.0
0.8373123897428767 0.24885699724849952 1.0
0.9579797097619711 -0.4337756468892846 0.0
0.12587448993726036 0.4733521361495856 1.0
0.3203076488382901 0.06236256856623146 1.0
0.703483155418297 -0.0996137289584107 0.0
0.30092029073045445 0.6287216887704279 1.0
0.8145891056795214 -0.28111968131945786 0.0
-0.16758034490267537 -0.44386876344978066 0.0
0.287468843350952 0.9667944214384081 1.0
-0.10543291443167702 0.14325094739675537 1.0
0.1536885043020817 -0.5694750265075166 1.0
0.5244734740627262 -0.8290450159313105 1.0
0.5598554996192577 -0.027711904258420406 0.0
-0.7250092240041357 0.2566545336779871 1.0
-0.5736011381569202 -0.3094176087442757 0.0
-0.16818830126427953 0.831420776868387 0.0
0.22751242076202116 -0.03574400522588994 1.0
-0.3246727053305618 -0.331012587197431 0.0
0.2573537069269529 0.1080798662746596 1.0
-0.7833177988840294 -0.5362071562250612 1.0
-0.008609628182042695 -0.08199613195948352 0.0
-0.13982782768268764 0.5996042819446179 0.0
0.868187917639317 0.5013358681280373 0.0
-0.8629272138554576 0.3551945548589661 1.0
-0.2937237319320982 -0.2168562833846841 0.0
-0.15940699570661332 -0.2583512550057223 0.0
-0.40348652229431736 0.7315524480636555 0.0
-0.42284150270399157 0.9139375484587526 0.0
0.15083698575916338 -0.9475170092467813 1.0
0.7609999271319019 0.44723104491537824 0.0
-0.525388349962205 -0.10144017889416812 0.0
0.5190083131197807 -0.6263527060103451 1.0
0.06895998582079366 0.16591308932906568 1.0
-0.46020923807756775 0.3336000499997531 1.0
0.9801523166903476 -0.26769152300318 0.0
0.9178634183315044 0.6440653921986423 0.0
0.3612773932490909 0.9633726548871091 1.0
-0.42103491403784443 0.2829976771796001 1.0
0.08470618316041345 -0.4086157002519488 0.0
0.5026185398287746 0.09299408545138088 1.0
0.9325800083836266 -0.10182761751287517 0.0
0.703285590026683 0.04592463223609844 0.0
0.8727345566182032 0.8228556746353448 0.0
0.05563895315552547 -0.08359599948757768 0.0
-0.5884178572892307 0.9722779294003612 1.0
-0.9296244531386431 -0.06662025346521849 1.0
-0.5405796659169071 0.6689679650212723 0.0
-0.7719133495580339 0.8098157657949887 1.0
-0.07728257192074506 0.6791403729223746 0.0
0.8936186088889737 -0.5862459890419103 0.0
-0.7087408489867946 0.8520062941313407 1.0
0.8149034380187274 -0.3612930369116185 0.0
0.33189156157418265 0.9361622687042708 1.0
-0.16071130344803342 -0.29135612685017764 0.0
-0.30656401086522234 0.7014797876728924 0.0
0.7524087355579678 0.037721965258878276 0.0
0.15351206295540298 0.49814269770294595 1.0
0.5729097314127154 -0.46208719676782395 0.0
0.5957461189232636 0.9479954631405099 0.0
-0.15635978678964446 0.6268688911529163 0.0
0.10206747641948866 0.010993127951064219 1.0
0.5623256143782591 -0.45276427725389845 0.0
-0.7819924348921505 0.27930616736414593 1.0
-0.5570230231388991 0.5042120097763434 1.0
0.3457920987255356 -0.6681958949233109 1.0
0.8012176478313326 -0.9412657695297311 0.0
0.8418900193352206 -0.6628938030032021 1.0
-0.350418433027744 -0.5190342642232706 0.0
0.6332727639665316 0.12550216347005216 0.0
0.3750496140363866 0.2929668665085601 1.0
-0.8264532103677495 0.42211651609664425 1.0
-0.01914013389780367 -0.6571128297443289 1.0
0.6732854317932295 -0.3443817130554947 0.0
-0.798162721758203 0.877052827620292 1.0
-0.6253840137419744 -0.08055003145748851 1.0
0.7482531968082144 0.9526310563691809 0.0
0.9021581698338064 0.4559154156108627 0.0
0.8500815616378785 0.33974899879606024 1.0
-0.9060510139406557 -0.614041904401581 1.0
0.9400594942479161 0.6807093225621184 0.0
-0.43700665271897354 -0.26756026607099015 0.0
-0.6533137672719755 0.9007296758944274 1.0
-0.6377157395825672 -0.8241297605939228 1.0
-0.3289297703105196 -0.9910812934049114 0.0
-0.03532347904316713 0.6843731914568856 0.0
-0.67194459829587 -0.5877932722655208 1.0
0.5500099296478058 0.8070797526827487 0.0
0.7255243101807736 -0.6373498504849258 0.0
0.9522443315111164 0.6848263800741392 0.0
-0.6965735537633457 0.8834080144739516 1.0
-0.9129697283669442 0.888100803735048 0.0
-0.16356539979835905 -0.656751065400957 0.0
0.4205258414092974 -0.14468562615884495 0.0
-0.3289098144310387 -0.29118502846202654 0.0
-0.9709319447644422 0.5629301342444608 0.0
-0.452315665343928 0.4947465673047018 0.0
-0.40374302408293605 0.8781945508508711 0.0
0.7888340035097328 0.29957573198213994 0.0
0.48486791420160125 0.8503441748938814 0.0
-0.38104911782628537 0.6934510872407842 0.0
0.08490727753479455 -0.8091132151645157 1.0
0.3731157299488652 -0.3895742845198944 1.0
-0.8201348566957674 -0.26118369798254615 0.0
0.40848494938561 0.23193258364366165 1.0
0.004171512448042591 -0.47355458814269324 0.0
0.7232709735930019 -0.9492792728405468 0.0
0.8947253001213504 -0.05713523610388127 0.0
0.04142647831053914 0.34623830817029666 1.0
-0.0044317980012602565 -0.1833478953263361 0.0
0.4236134318967013 -0.12256714558362103 0.0
-0.10167115009757444 -0.08340426293815084 0.0
-0.9764310057987822 0.363225853461695 1.0
-0.5424360715912373 -0.43659961256733326 0.0
0.7840964099665564 -0.5373284938383873 0.0
-0.4516757581442399 -0.7873081624818576 1.0
0.13890392342974756 -0.1620157824728432 0.0
0.6121405610069317 -0.28229466633983424 0.0
-0.29745814227303535 -0.1200386552511723 0.0
0.0008448275320214194 -0.294892997900263 0.0
-0.34046072391965776 -0.02998893390955426 0.0
0.4789244899427407 0.2934499705879501 1.0
0.5907037869197802 0.4130578694620348 0.0
0.019480267184305733 0.4384401628753627 1.0
0.1251619748681967 0.2732196054193725 1.0
-0.4598460310330057 0.2221691472301519 1.0
0.26463573560001663 0.6275041664945908 1.0
0.9843454979646209 0.6391758036184723 0.0
0.35536669162815815 -0.6696065948521821 1.0
0.14732555003811076 -0.5925263899651863 1.0
-0.11275631884909054 -0.6991244202198328 1.0
-0.70796106496953 -0.40262748285778915 1.0
0.06528903215218151 -0.5462261758016651 1.0
-0.3478977248881967 -0.41626424845632837 0.0
-0.13990611724066615 0.9914252255585803 0.0
0.6901244096335064 -0.4074545816276036 0.0
0.765141900918902 -0.9000797459326564 0.0
-0.9748502131855052 -0.5515152700054418 1.0
-0.3972643256405637 -0.6850421897456325 1.0
-0.5975181682583097 -0.8179773266495278 1.0
0.8822892032842886 0.3129382404357668 1.0
0.4687184533018429 -0.6765343316455443 1.0
-0.15128712036162528 0.9547314375774822 0.0
-0.5777682697963553 -0.3122816323018438 0.0
0.13852359454964747 0.6161401844915293 1.0
-0.5671946347875534 -0.8695630118612199 1.0
-0.8758707393560321 -0.8996796676612748 1.0
-0.8521969986495854 -0.32402448348751456 0.0
-0.12475716011623761 -0.4334903824313192 0.0
-0.8247390335407576 0.778593963158974 0.0
-0.5385945447504135 -0.4787154823979314 1.0
-0.9780837397940123 0.6280000004750872 0.0
-0.573169202658391 0.5181377476319153 1.0
0.7308284434812107 0.6483487830553829 0.0
0.33642095072619815 0.5053685574057176 1.0
-0.12129272500784993 0.6349816751612087 0.0
-0.20070904759409425 0.5246769228140458 0.0
0.9960667931162861 -0.7460606229769262 1.0
-0.6467672461105303 -0.7862122598418022 1.0
0.520164640197442 -0.12682950716232466 0.0
-0.3355115578120169 -0.20319440219804497 0.0
-0.08627745463025072 0.8045245389249316 0.0
-0.8052042375732005 0.1427271399025387 1.0
0.1626183615689898 -0.3716883793385497 1.0
0.8498928372975654 -0.41518925989808997 0.0
0.27737949720704 -0.8613232739638907 1.0
-0.9318710405623418 -0.1906175911323862 0.0
0.32929025326640904 0.3316868754189801 1.0
0.10725201876409018 -0.9569371573458103 1.0
-0.7077457711239328 0.5214703780586012 1.0
-0.7980835629770398 0.9247821511448981 1.0
-0.5259511150803604 0.741207690028608 0.0
0.28248110565785756 0.3244147838228737 1.0
-0.9288985304701958 0.3691376226442744 1.0
0.21672290408452488 -0.6700193867352033 1.0
0.9710309947264384 0.12937538920897707 1.0
-0.0708024014074351 -0.8214232368450121 1.0
-0.5850885479813697 0.6864457222194196 0.0
-0.3478202832096038 0.3835190403088282 0.0
-0.6856732921888085 0.7642652836598038 0.0
0.21681431512374183 -0.14371229789781292 1.0
0.48903195888852924 0.6044141011170874 0.0
0.9859200370916841 -0.6165530048197252 1.0
0.8918872890652687 0.05572958814699369 0.0
-0.2863606506876548 -0.7849224865903486 1.0
0.37063493307763506 -0.9488434875709979 1.0
-0.8953401745598208 -0.3337108978450918 0.0
0.8660295191625376 -0.4240699156197121 0.0
-0.3874870826891885 0.744846128906993 0.0
-0.22077490182481907 -0.6407080581059004 0.0
-0.1313150056601906 -0.0616983603466188 0.0
0.40036040913206117 -0.5543394107332478 1.0
-0.5571626926741855 0.8192366226160921 0.0
0.9227156280270556 -0.054098450914702445 0.0
0.25763921440015336 -0.9060682031425971 1.0
0.33145823954759024 0.2745070174105131 1.0
0.3701826299775892 0.09905862849225655 1.0
0.08655745195660614 0.15995356098640756 1.0
0.5411235056978863 -0.6474609673488798 1.0
0.39103592198390125 0.34237302995232355 1.0
-0.8360818798265564 0.8675953814844581 1.0
-0.07859577274325846 -0.367769004528985 0.0
-0.6697436572928948 -0.5435580292730238 1.0
-0.32295471499793726 -0.11644130731925784 0.0
0.5250462474767279 -0.8616018050301308 1.0
0.16001526614462946 -0.5448603238383176 1.0
-0.8896781005957068 -0.7202145656533254 1.0
-0.2682431631266162 0.39465124284359954 0.0
-0.40057971520100977 -0.6468401298498507 1.0
-0.386832604182036 0.1896465016244302 1.0
-0.04070383241219 0.37709156062726956 1.0
0.8850887659630722 0.4455527778085726 0.0
0.20717214866353717 0.40883937109106006 1.0
-0.9241521241315058 -0.38606135057761115 0.0
0.14275783418386156 -0.9530645494870487 1.0
0.6870407184675622 -0.6997264775640437 1.0
0.9987734157043768 -0.5597027358619935 1.0
-0.7436428495855076 -0.8567132911557627 1.0
-0.611821589903101 -0.20112629001411242 0.0
0.35675485154986997 -0.584808663821607 1.0
-0.5609527175384994 -0.5422166002382118 1.0
0.8599180960778221 0.7721140697159572 0.0
0.6644818389804423 0.527183140461454 0.0
-0.31981592924543145 0.5624993390883624 0.0
-0.39061789686694537 -0.17191219332177488 0.0
0.11654277392286794 -0.3460025860220797 0.0
0.21055865654170836 0.2679318232983512 1.0
-0.45892455145584 0.8841146991413433 0.0
0.46266417883313293 0.9897141912211909 1.0
0.28614781006172896 -0.8447772792466313 1.0
0.027789594110885885 -0.8953782533611432 1.0
0.6147801266793749 -0.9995941747880495 0.0
0.9491132271886182 -0.16903092259218666 0.0
0.073351441851498 -0.4477680400266102 1.0
0.741867649921109 0.05524072183874784 0.0
0.7934548880223555 0.36494170180663077 0.0
0.7665953883267884 0.9680236505856261 0.0
-0.1851940490078985 -0.6041401745751391 0.0
0.7205887169861636 0.021016850383759333 0.0
-0.7781029212453514 0.2798327884335423 1.0
-0.48852219858636436 0.9848342692938674 0.0
0.19157095165311655 -0.8134680267837795 1.0
0.7251690546562566 -0.5347843166412602 0.0
-0.5120568583841061 -0.63379475135295 1.0
0.9818653451267205 -0.4051570051020925 0.0
0.1302498598946913 -0.8558516626854276 1.0
0.9217456487028803 -0.8315466013137263 1.0
0.04070523935646819 -0.9385350414421256 1.0
0.6696459875566869 0.9598875013712826 0.0
0.9602363198328965 0.6742272264809432 0.0
0.05213061387425588 -0.09722426401075945 0.0
0.30237603742515606 -0.22033071735281728 0.0
0.5356613857175248 0.26581023556793437 1.0
0.060067145170968006 0.9622793290484388 1.0
-0.9879874905315429 -0.7366306590503948 1.0
0.11872754093817539 -0.691717668883679 1.0
0.6943777232759536 -0.32096505771260997 0.0
0.49240797953303517 0.45089902953226435 1.0
-0.4697858229413361 -0.6029987080199322 1.0
0.04159177346153897 0.49194201113056724 1.0
0.8828008167965058 0.1984987611984732 1.0
-0.8918830638672925 0.6556968696586547 0.0
-0.6740982206941883 -0.27865840095603334 0.0
0.8465386490051834 -0.8035194349472048 1.0
-0.7383526458972876 -0.43220711353218855 1.0
0.9371952180344287 -0.21105610307568679 0.0
0.5731828220519652 0.9735861004667032 0.0
0.6776770616810766 0.5185626988759693 0.0
-0.8405874131123972 -0.5013582218875501 1.0
-0.45955096864371847 0.3712821936207511 1.0
-0.49930623708252964 -0.2266307104882126 0.0
-0.028609536183627826 0.6219891999116642 0.0
0.06254850324461181 0.12866806104699902 1.0
0.6176744676698227 -0.37704844855448716 0.0
0.004318202896099743 0.1552949743897356 1.0
0.48822587468840717 0.6204321856586632 0.0
0.43622039768293597 0.752363849919897 0.0
-0.32809480251578815 -0.37896553789213594 0.0
-0.9660714109137889 -0.8414874077813503 1.0
0.5289537821179482 0.4908086819461457 0.0
-0.41634550245031954 0.1273712041900248 1.0
0.5168107580786714 -0.8397687247966947 1.0
0.17688301853653265 -0.016619782854542242 1.0
0.6991869837264635 -0.2529412631269352 0.0
-0.25883670623613253 0.3608858630195142 0.0
-0.15561126601977038 -0.6890462669140613 1.0
-0.7617730292445122 -0.49592283976271134 1.0
0.09179159134743964 0.6663315524412066 0.0
0.7673706529906084 -0.755297982238859 1.0
-0.6912301895204065 -0.7631335479870762 1.0
0.8474700471902035 -0.6230563063936407 0.0
0.0699040042179968 -0.44808760096686884 1.0
-0.19193943728525054 0.5319769650151809 0.0
0.8275194845798959 -0.06315300868170537 0.0
0.12693076541957216 -0.30152513337789877 0.0
-0.3437921364747363 0.7948189471338718 0.0
0.33149793262572214 -0.2633156080064505 0.0
0.18525405669342843 -0.2008240556118024 0.0
-0.7818508633027588 0.7476268866910665 0.0
-0.9988139216493257 -0.6589050811663477 1.0
0.944248194047397 0.9763806697191573 0.0
-0.14900322878070238 -0.18735608332879705 0.0
0.7509949288157476 0.5760529362582743 0.0
0.1643802647452337 0.49930971088782483 1.0
-0.5814725519131176 -0.42248494296394656 1.0
0.22900382114592444 0.04993987428384239 1.0
-0.2860131872043816 0.9039635276198748 0.0
-0.06588922923822627 -0.31930225070348617 0.0
0.47484018530185756 0.25199166970361997 1.0
-0.6556714919929332 0.6702391431604451 0.0
0.7919033819748833 0.8278253016378574 0.0
-0.3870027353521732 -0.01953415778518086 0.0
0.7696704263650787 0.6316645706101811 0.0
0.5589842759861112 -0.3611977236754038 0.0
-0.17674356059454577 0.25953813307869034 1.0
0.5840828089788668 0.5141103047869728 0.0
0.31663801184100016 -0.05290675705110015 1.0
-0.5305168244728247 -0.14357056441101967 0.0
-0.9729923722888041 -0.10995901547052256 0.0
-0.15509432029197256 -0.9789132633693303 0.0
-0.9456858374066608 -0.4802316999715479 1.0
-0.10586787027464561 0.7470839424196623 0.0
0.08479876467754299 -0.493010540896885 1.0
-0.2943454599220787 0.06477238524138773 0.0
-0.6070001574755148 0.3540116584464934 1.0
0.3670944022284319 0.32896890799203105 1.0
-0.9704695149009663 0.5192447526040096 1.0
-0.7244306856156526 -0.9887546413207 1.0
0.2820046498092377 -0.6580478830331926 1.0
0.6267492107440986 0.531260851470579 0.0
0.5509067606893374 0.34565256200525174 1.0
0.6532710145357814 0.9367188965164404 0.0
-0.7094537628270801 -0.144646001932206 1.0
0.24453918723370394 -0.40497057187254537 1.0
-0.8602414578038653 0.9526275275773921 1.0
-0.9807769069695937 -0.6856566036268588 1.0
-0.8337224169464612 0.5638566535325282 1.0
-0.6108749876849524 -0.36230204442065994 0.0
0.3969643373190741 -0.36333912237512345 0.0
-0.7299181603704037 0.6220403554758318 1.0
0.44654829210193037 0.11105832351310152 1.0
-0.9976601628735593 -0.42073908505179425 0.0
0.04423832285341023 0.6726805533188454 0.0
-0.2254537590511534 -0.14850476003495294 0.0
0.9822445864589768 -0.5156835353501588 0.0
0.21175516860852928 0.7379200408199136 0.0
-0.9982844195486569 -0.25421786601060914 0.0
0.23818727990790967 0.9313104733401281 1.0
-0.7967850189675914 -0.6608404431146002 1.0
-0.4434974634027562 0.9622409270680043 0.0
0.09923414395969665 -0.7545397560758031 1.0
-0.16413050332795787 0.342642799896161 0.0
-0.805189183586863 -0.1882660542056036 1.0
-0.605020570959544 -0.1696138887871348 0.0
-0.25348633442844726 -0.721240768104144 0.0
-0.7555381426918968 0.07482290937016312 1.0
-0.39069995939111024 0.09689780168428452 0.0
0.5330978648441416 -0.5763485311648846 1.0
0.011179817424624039 0.755702932081304 0.0
-0.9351701673230075 0.6558143465409552 0.0
-0.5919984097176969 -0.7617699756726328 1.0
-0.8574371131876608 -0.0983122073587892 1.0
0.06748047201460117 0.815404992272944 0.0
-0.0419459526569812 0.584108205877274 0.0
-0.010232449257312037 0.9083885355907455 0.0
-0.4806151486617187 -0.10934189612488265 0.0
-0.5267998724551699 -0.8626090268533955 1.0
-0.05145914364273474 0.4377939611594175 1.0
-0.3006654593056095 -0.740866315199334 1.0
-0.8622809598666807 0.8816994567046716 1.0
0.8698566538660659 0.27311380458532875 1.0
0.5515198207159862 0.25493334727197525 1.0
-0.8875978051316866 0.7575171709046946 0.0
-0.9517970044125321 0.8972473601757371 0.0
-0.7268377307863187 0.13225625209822267 1.0
0.9228415221011093 0.8817089004681147 0.0
0.6683080555334926 -0.6144511305722058 0.0
-0.10627999125396648 -0.44520148229500944 0.0
0.6174742489645328 -0.3906258453779823 0.0
0.9597983147126778 0.26381090942637964 1.0
-0.25637577799005085 -0.6103524341004989 0.0
0.01019623759683741 -0.399000598782812 0.0
0.19340919960536596 0.3280776623965931 1.0
-0.6004875973493808 0.4706030845733793 1.0
0.40247597412406133 0.3503326696501854 1.0
0.9453052032288107 0.30845565361531335 1.0
-0.5069863336769334 -0.9172587175899996 1.0
0.4139597817247165 0.10994760885390109 1.0
0.8448433586755546 0.2841039710316744 1.0
0.7185753818887402 -0.09455414488668246 0.0
0.6048220309404877 -0.03256953352841685 0.0
-0.2929355115982515 0.6475865128839151 0.0
0.46174896518807773 -0.8585622908169692 1.0
-0.6447347458705064 0.6698076176142811 0.0
0.39622208883121623 0.34390545639912684 1.0
0.9252693161050805 -0.38883944936968184 0.0
-0.5100729109501438 -0.040956744189920125 0.0
0.875061419473725 -0.29583679680599695 0.0
-0.01728285119409456 -0.2470372009722981 0.0
-0.425459067851075 0.27188852767708593 1.0
-0.05467834088169066 0.4001329297710192 1.0
0.17696608123083335 -0.7842807041771225 1.0
0.3931035635850628 -0.12186048222893686 0.0
0.8657029181861382 -0.2936148902551068 0.0
-0.3474325802995737 -0.5429446411234564 0.0
-0.9650358992459609 -0.5098334050677686 1.0
0.20441555129647804 0.8291725771148097 1.0
-0.04433852697289398 0.2634269436824692 1.0
-0.9852544049624548 0.4847766898975363 1.0
-0.7715489814922636 -0.30866814702301326 1.0
0.33868612641691187 0.9190354135358649 1.0
-0.8808541034390014 -0.7299747514614239 1.0
-0.9918432607922985 0.8149862976838771 0.0
-0.6116173150369328 -0.38534021447036126 0.0
-0.09568893256065403 -0.2634276591026883 0.0
-0.7151412092799809 -0.1143679720301134 1.0
-0.4790100364856389 -0.2503294953162942 0.0
0.04371683055416664 -0.8254976526099738 1.0
0.9561528162503075 0.2951937611631297 1.0
0.1695133344980504 0.4688199516926561 1.0
-0.9840690596190871 0.05005537042705699 1.0
0.23342013230462633 -0.3405052190887554 1.0
0.4632228763868176 -0.41401137356367257 0.0
0.6793741763262187 0.9690580852198196 0.0
-0.044806750096858305 0.2574234689567465 1.0
-0.33371627207792387 -0.6255808589207825 0.0
0.054140717741118394 -0.45779727230863587 1.0
-0.9477966064650827 -0.8527440478576205 1.0
0.9212350915429606 -0.41263066447011854 0.0
0.27760751644261417 0.6414607633492504 1.0
0.14915711260194842 -0.809596840979588 1.0
-0.11876440701766966 -0.9573024653517503 0.0
-0.0967687543505158 -0.21952543420651294 0.0
0.10440702472492136 0.1934492344153964 1.0
0.8587991068107932 -0.661798713008106 1.0
0.40845849133200174 0.9841459676426474 1.0
-0.6323276663102178 0.9317061068055281 1.0
0.3224246475447361 0.0026029977260151327 1.0
0.5728610464347537 0.6413768351184501 0.0
-0.4628009290020394 0.24124838689236716 1.0
-0.2391165542217153 -0.03733286254630119 0.0
0.19310844115681292 0.7351444767285709 0.0
-0.7895196108799571 0.8387968847065876 1.0
0.5041562321658053 -0.41422481254393273 0.0
0.24054289426387543 0.7964314920840736 1.0
-0.8898639459347735 -0.3698227063885524 0.0
0.36051966272649594 -0.9408385607117105 1.0
-0.5725170231011723 0.2260106047452699 1.0
-0.8682832746947875 -0.3644571455592365 0.0
-0.3577003699493384 0.0275472705955091 0.0
-0.03351700484785747 0.3825484218939603 1.0
0.02659766528971752 0.2692726489079995 1.0
0.4978329816795457 0.04496794666853976 1.0
-0.9564292543832957 0.8823015066244491 0.0
0.4371216843089032 -0.7132236382245629 1.0
0.04386493968223171 -0.17486769822003767 0.0
-0.10577675793312835 0.8145345137546678 0.0
-0.3956489727100376 -0.8067929829340441 1.0
-0.6741712136386813 -0.218522287397523 0.0
-0.29336547485483777 0.05689662105469373 0.0
0.5984557015328233 -0.7263067271377501 1.0
-0.9685917080774789 0.8240893175163357 0.0
0.38065163971438 0.2535714300117764 1.0
0.21680289991115753 -0.07548152088626958 1.0
-0.40410108739065653 -0.9695830167538302 0.0
-0.33353153360444177 0.03522054851659395 0.0
0.28633761098893884 -0.07372538178726651 1.0
-0.18259306458411073 0.8544526765337654 0.0
0.984977714659141 -0.33360075571340597 0.0
-0.06572801336934986 0.6707872121465168 0.0
0.3714821613382262 0.8623193330505334 0.0
0.9967970920041644 -0.006054036314874889 0.0
-0.514152145829313 -0.16526939666289353 0.0
-0.6702891434816036 -0.4592681731623891 1.0
-0.6399317716032848 0.8833802873638192 1.0
0.7777101636059627 0.23143474235486727 1.0
-0.6857040268681951 0.6031457767425759 1.0
-0.5449026530253178 -0.284210545117372 0.0
-0.1657174437758402 -0.4349621853252743 0.0
-0.24057370858477567 -0.353085840693264 0.0
-0.5066138257979733 -0.028490081393035993 0.0
0.8654512053286056 -0.9718759753412551 0.0
0.2249593573913955 -0.15776242044056366 1.0
-0.8093629163964176 -0.45255237433402473 1.0
0.05777583637111117 0.09873240931031124 1.0
0.06874899107191523 0.8497448399332084 0.0
0.328712072013452 -0.8741488490524327 1.0
-0.10163896037605169 0.5798989573080158 0.0
-0.5287972178293281 0.9683011500930208 0.0
0.555628067637608 0.11994790768501429 1.0
-0.6468129550792239 -0.3556720551717285 1.0
-0.519494130205324 0.42642517635820476 1.0
0.5233350994500352 -0.2946560776761331 0.0
0.003954761755758929 -0.7245502503216812 1.0
-0.9439739823425519 0.5573684252946187 0.0
-0.3184471307271435 -0.6275208991058241 0.0
-0.16031146064488144 0.5824785641469665 0.0
-0.06333671757778792 -0.18403955950932738 0.0
0.09239385276605017 -0.5066630732971631 1.0
-0.04555361747572584 -0.7136720449836138 1.0
-0.3377515383800067 -0.013896186630500296 0.0
0.4865911517423944 -0.8719572153908144 1.0
0.3719339113394402 -0.8379090294224674 1.0
0.003517598520685228 0.6713103031816887 0.0
-0.9464827453073379 0.6713439916363082 0.0
-0.7110480808063804 0.891207248281185 1.0
0.4932675226000556 -0.3516752856385257 0.0
-0.855057946331647 -0.985074994278379 1.0
-0.20739604708863513 -0.15236391806140315 0.0
-0.6865379437140857 0.08566082524403895 1.0
0.59260242266322 0.041558697596941085 0.0
0.5549481259140976 -0.9652567352308521 0.0
-0.48971351352013914 0.1901259852382451 1.0
0.5618979490184148 0.08455239871639408 1.0
0.7135228289828031 -0.2078280363768461 0.0
-0.029154745181152686 -0.6861741552178664 1.0
0.01681132163916854 0.46518177776626213 1.0
-0.4170655128422418 -0.5442248641006222 0.0
-0.9635536397283055 0.5494172778914381 0.0
-0.352593875064251 -0.2200669067137131 0.0
0.8388096114052757 -0.3482280057106488 0.0
-0.4160151020043097 -0.3963322647395229 0.0
0.7543825827027444 0.8713293929165928 0.0
0.21042657131362552 -0.5306519166618997 1.0
0.9808124897095047 -0.24733046520934443 0.0
-0.26850853994122614 0.8169038512739513 0.0
0.6621116173599002 0.7024311094295819 0.0
-0.014941051591689014 0.18144039311726745 1.0
-0.24083983249162788 -0.9199568251692867 0.0
-0.6423046153301668 0.1972735859031043 1.0
0.07465565244248684 0.6909822540456796 0.0
0.15642894504809934 -0.0352130104956756 1.0
0.3401055985021677 0.8046925080298815 0.0
0.304853470047872 0.1249778438350504 1.0
-0.59861946510648 -0.8624557954828944 1.0
-0.929080497632019 0.06256543035899109 1.0
-0.8000838367786571 -0.2012740275796665 0.0
-0.8350453957379849 -0.28192970958718977 0.0
0.6504740979036188 0.08937286865537364 0.0
-0.01374482052900139 -0.3952217902672883 0.0
-0.5623923494808662 0.5743536179684736 0.0
0.40524983543582205 -0.5189108639026212 1.0
0.9716968860720696 -0.8651859880305983 1.0
0.07327858598758397 -0.466358884854424 1.0
0.7771181915805736 -0.9170998207530698 0.0
0.22198838455590209 0.26153884285009865 1.0
-0.9152268909233956 -0.959094964683056 1.0
-0.6281478948439898 -0.11126920347375457 1.0
0.39749493761880816 0.842810450542695 0.0
-0.5820792311320826 -0.9117379133486905 1.0
-0.8050690761124204 -0.5833860086540135 1.0
0.06593194404621894 -0.24987073516390756 0.0
0.22810805901412823 -0.33198029200669454 1.0
0.22880532321659652 -0.9171239264496225 1.0
0.5735958376836532 0.6480097763007813 0.0
0.5556066763943295 -0.4931651282027889 0.0
0.9067083917301959 0.5335914965117075 0.0
0.08281124449267185 -0.6654356332630156 1.0
-0.4262801725915282 -0.8937286647954485 1.0
0.22648226943744243 -0.6353268014610807 1.0
0.7008994228508938 0.305679224000428 0.0
0.2918984332915042 -0.31284821216060443 1.0
-0.9018120463553025 -0.6292859043350199 1.0
-0.6501125089061943 0.6811290252645239 0.0
-0.5709615110602748 -0.3831279148074569 0.0
-0.7145435113764129 0.21386007732462065 1.0
-0.21525061426398873 -0.3827608179644839 0.0
-0.7013512021004562 0.3295231302885171 1.0
0.5309144460452633 -0.5924033549271635 1.0
0.7641788685344362 0.05148396323557858 0.0
-0.945871586522165 -0.1729066889333264 0.0
0.6825962751898587 -0.7295559303628576 1.0
-0.37829824721503735 0.8832652797451637 0.0
-0.8248089789292168 0.37942199531386533 1.0
0.9518279407029673 -0.17839866817336092 0.0
0.6348516569934843 -0.9035040446474454 0.0
-0.966075250852015 -0.37714012149389253 0.0
0.62891165525649 -0.16657634190162507 0.0
0.2545700950838943 -0.9672893264758853 1.0
0.9555689909056653 -0.1342248804871542 0.0
-0.29600068981560756 0.4405435382259233 0.0
-0.729811827291547 0.7040731326805394 1.0
-0.8526326502009338 0.013922231164614551 1.0
0.13658249699534464 -0.8844393521439269 1.0
-0.6914441053294265 0.6485100646885733 1.0
-0.10730835026112628 -0.0642235665774995 0.0
0.1969830110020825 -0.9394916998648857 1.0
-0.03082464631458648 -0.2732701013109331 0.0
-0.8719355777568374 0.6368675581663612 0.0
-0.3819089928938266 0.5029789277755625 0.0
0.18599521574960876 -0.3073773272608551 0.0
0.2394088381273909 -0.36564485136004876 1.0
-0.03359041679984509 -0.04364653939547258 0.0
0.2777992284208206 0.6046794799142321 1.0
0.4502897601357947 0.7633361342920408 0.0
-0.4768483285493841 0.09595967823545348 1.0
-0.41606019888705514 -0.5080430813006866 0.0
-0.22923661091718017 -0.4927519101838955 0.0
-0.2441630540741535 -0.8092922906869708 0.0
-0.5006319140841473 0.2507703071249454 1.0
-0.9111193280230487 -0.41994189554623573 1.0
-0.3222449965900609 0.8145483923509331 0.0
0.9275866914031226 -0.5408933560672677 0.0
0.29226475397921403 0.9932937518175857 1.0
0.9951421341559541 -0.4230686071466101 0.0
-0.7144151239926908 0.706366508987311 1.0
0.6736518667800175 -0.7078462458302504 1.0
0.9639797320447507 0.2782311355901528 1.0
-0.2751902320245774 0.7065315915923673 0.0
0.012935544476830207 -0.9577902395435394 1.0
0.015265099056317677 0.20574498527407759 1.0
0.4039742893966518 -0.3252055513929111 0.0
-0.023715636991182842 0.848150421245363 0.0
0.5067256531159245 -0.02733848223500246 0.0
0.2504443732511388 0.8944479914591279 1.0
-0.8854176380787684 -0.3925269110059322 1.0
-0.4108441947373893 -0.4532461011223168 0.0
0.24295543033269618 0.9216077415092294 1.0
0.13833807857273173 -0.9046670294816725 1.0
-0.5723651248692365 0.1848307390574262 1.0
-0.05678440126929396 -0.07435371885259934 0.0
-0.8191891841312389 -0.398886830601072 1.0
0.614614345836257 -0.03368477829645711 0.0
0.19158980901883504 -0.6172875251292835 1.0
0.8836534844122288 0.9336665923657967 0.0
-0.3816633991521947 -0.8747384814423058 1.0
0.7366615325959924 -0.7272738585290195 0.0
-0.7891089423774409 -0.885417920427569 1.0
-0.5063649596192337 0.2539071845240568 1.0
-0.9510893317221127 -0.16527281522738857 0.0
-0.7261470196348279 0.808213979981667 1.0
-0.9171779773570992 0.4298815334944124 1.0
-0.593868539015568 -0.015127244597695322 1.0
0.7241133118500298 0.5984918941524766 0.0
0.9403298759966954 -0.7593015679353559 1.0
-0.43786755543588285 -0.4964793449387983 0.0
0.16611239716114934 -0.3582804297968145 1.0
0.44076582496340655 0.24834425425043416 1.0
0.41553990743321334 -0.6719376464047622 1.0
-0.17136567527076196 -0.2556442971198456 0.0
0.7332241141280065 -0.7775057016582796 0.0
0.30437940678935616 0.8726453199210098 1.0
-0.8645993859488794 0.9690351660274352 1.0
0.5160462993536037 0.4703727835680964 1.0
-0.8207256781608863 -0.31920160612424 0.0
0.7513421689614526 -0.9876227073293549 0.0
0.9408060397597577 0.4839648419338347 0.0
0.4963857315552662 0.3897547887063306 1.0
0.4418527934120975 0.5554410565065344 1.0
-0.5628780235635147 -0.416804589719586 0.0
-0.8398828429296421 0.3393809248463018 1.0
-0.39022988025415084 -0.8705563787553527 1.0
-0.28344283549385096 0.21470121290254895 0.0
0.9630882062095274 -0.12775607928483246 0.0
-0.40192277833053525 0.5846238726338115 0.0
0.9913746538294652 -0.06690535039378154 0.0
0.44337372373275463 0.2505268334119488 1.0
-0.2756194739428657 -0.3833785236357836 0.0
0.7719476619335404 -0.7465512123353195 1.0
-0.7233584390310543 0.4781822284051367 1.0
-0.6819759372525749 0.8077745148342579 0.0
-0.832313323310859 0.22846217347926423 1.0
0.29368310635655437 0.12097076191601963 1.0
0.7766697967477283 0.6218770151419051 0.0
0.2503235288961352 0.11054339297386728 1.0
0.5289714213901566 -0.4870098930026323 0.0
0.48347709568454356 0.8933292977267757 0.0
-0.9203703772644061 0.08037351598756559 1.0
0.08611218911784402 -0.48677697224573513 1.0
0.9015756878269052 -0.07702107271270586 0.0
-0.44347438704955655 0.9644941585480427 0.0
-0.10013935302787735 -0.19001986035066198 0.0
-0.44421803266703797 -0.5586286354014953 1.0
0.31518724437833856 -0.7431212599855257 1.0
-0.4954887605197251 0.638168753045173 0.0
0.22102845502178847 -0.11940438507549311 1.0
0.4652170256211732 0.6996002133033248 0.0
0.46428346914877694 -0.1345261535521749 0.0
-0.6723498057793194 0.8951138130348633 1.0
-0.9785290637915036 0.6916627844188004 0.0
-0.9182145261151198 -0.09704961140725255 0.0
0.43688862602642375 0.6380235780502499 0.0
-0.5525743201293729 -0.9750319964225351 1.0
-0.3505531220274214 -0.10507476418934147 0.0
-0.806496529527978 0.2938684519157537 1.0
0.5780952305085951 -0.6212667814783912 1.0
0.03555035309563803 -0.798528826801292 1.0
-0.28068703264395745 -0.3472728074035796 0.0
0.9637516293543895 -0.7152421102002335 1.0
-0.2147875122439975 -0.03376209473302172 0.0
-0.09262372198053259 0.6145557439313125 0.0
0.5874475684627065 0.17045121467351532 1.0
-0.1173963236101907 -0.32411377565757116 0.0
0.5079399269636913 -0.3280628490868507 0.0
0.4988703340663265 -0.9191331451509084 1.0
-0.206242657610467 -0.14751515788381808 0.0
0.7915353840366417 0.813085981398429 0.0
-0.34663691767698723 -0.17218769228927733 0.0
-0.0799240098127405 -0.9886590817631784 0.0
-0.5907172222371317 -0.7652694405807667 1.0
-0.32777978575299804 0.15198053160051317 0.0
0.21764269754355614 0.28047577667689283 1.0
-0.23744541049474743 0.6089899883424983 0.0
-0.3848990529544931 -0.14243548444763277 0.0
-0.4282456975808977 0.5599121407614431 0.0
-0.21304889735696375 0.34114519227965845 0.0
0.03259981825224112 -0.07455151832230111 0.0
0.6257172844916572 -0.14678776718223507 0.0
0.5275815621081414 0.36213964940153565 1.0
0.4407258764411712 0.49054881760853175 1.0
0.9302552130204249 0.7971816815465305 0.0
0.45048446566887024 -0.6769853085168496 1.0
0.6312964871940265 0.819391227987811 0.0
0.04360234538547081 -0.7988982907068971 1.0
0.1174714023975092 -0.604648245251153 1.0
-0.814588100967677 0.2442160378610203 1.0
-0.4440849292111124 0.8375342621628494 0.0
-0.5024261590499026 -0.17869664156908383 0.0
-0.556452285930138 0.1757252611511848 1.0
0.9587563661239233 0.466032399310639 0.0
-0.16401358665275922 0.5132161071242012 0.0
-0.40398108427947177 -0.7523088018716511 1.0
0.4094475672178657 0.672854526506516 0.0
-0.13448598087330832 -0.9417932189977738 0.0
0.9785572147673269 -0.27262234971791033 0.0
0.868302220840345 0.5328853293366234 0.0
-0.969618046910317 0.2449798168854791 1.0
-0.9231298909931485 0.6682939415996214 0.0
-0.29664653596342894 0.32650420463986984 0.0
0.22858563793775422 -0.24085273657966133 0.0
0.2998378145329865 -0.7500027322555332 1.0
0.5248089049601048 0.518473270602634 0.0
0.8761900393245579 0.658993039155443 0.0
-0.13486773105900696 -0.10104438072442945 0.0
0.08799987615091887 0.650560741738845 0.0
-0.9738657985343995 0.971383742230677 0.0
0.4991770828659752 0.15968098632815853 1.0
0.512793439519813 0.21206834949800646 1.0
-0.37192889609403923 0.9185554423217202 0.0
-0.9812509351815886 0.6566291666395532 0.0
-0.44690673409287185 -0.18156999150407538 0.0
-0.47693894404128057 -0.39414615043965795 0.0
-0.44799874427812747 0.7484076953357222 0.0
-0.9480966400560353 -0.8584970927778837 1.0
-0.11780951418381269 -0.07975785841354455 0.0
0.7815085201392182 -0.8335713798105104 0.0
-0.6296505254385087 0.9057507585703619 1.0
0.17179084233803166 -0.8765215030965863 1.0
-0.9753364987901809 -0.950723938175418 1.0
0.422482003757918 0.5936895657843264 0.0
-0.3859497598302528 0.16395424489398924 1.0
-0.6986814711609235 0.7775609875883547 0.0
-0.9825101087214494 0.7407909792879528 0.0
-0.7113076327469883 -0.9383036354050953 1.0
-0.4175392878363595 0.1871311173219179 1.0
-0.2592668696235034 -0.06366397479952579 0.0
0.6818315349362494 -0.874693778278012 0.0
-0.18678514132424695 0.916030564107541 0.0
0.07023522934676985 -0.025956134076665194 1.0
-0.23653682017892175 0.99933089068918 0.0
-0.9636097379833097 0.927258335622358 0.0
-0.821155512980229 -0.5432006219423586 1.0
-0.022903091879272086 0.10775251767273519 1.0
-0.05204762964350662 0.7243849511437057 0.0
-0.5691373732292775 0.747458022814661 0.0
-0.46860391640831156 -0.25665206864420154 0.0
0.5902195884403734 0.4581216183930077 0.0
-0.2018025239730321 0.5557430466011863 0.0
0.21608872474541907 -0.085152397438929 1.0
0.7352004830983456 -0.4007436697390465 0.0
-0.14575436041408785 -0.06324747766606276 0.0
-0.41593256716466764 -0.571136370438442 0.0
-0.7727941576029511 0.3661446914035409 1.0
-0.9808791850610745 0.4476765944035288 1.0
-0.9217118282849854 -0.33929409783315445 0.0
0.3164558190671767 0.5852029312121634 1.0
0.16213295413424844 -0.8554105783652939 1.0
0.7539103505203193 -0.7955315037029675 0.0
-0.8887343708800042 -0.02860867925877475 1.0
0.552548345763956 0.3686820189630249 1.0
-0.6303918180571348 0.42350449049869376 1.0
0.19264701891015945 0.9763442326912792 1.0
-0.18937489715545253 -0.7021887769582065 1.0
0.8442227486094951 0.02552841343977441 0.0
-0.3807100139127031 0.8233850709499135 0.0
-0.01104561505251489 -0.4244566224656585 0.0
0.7821741546527232 -0.6355385188552503 0.0
0.2601928364688515 -0.7942278399260545 1.0
-0.6670573288490038 0.930122704604762 1.0
0.48383542931119883 -0.8416217926117118 1.0
-0.8167086175431151 -0.2156002042127505 0.0
-0.04078332538863161 -0.8314290673518085 1.0
0.8791995148580478 -0.8651652550773055 1.0
-0.025901807009445443 -0.9843239888770665 0.0
-0.6682974700727033 0.38595168058782536 1.0
0.6418750093923724 0.7567992400580761 0.0
-0.8301629468324097 -0.4399448270556052 1.0
0.01544561546776313 0.09269226092415495 1.0
-0.6212032912407557 0.6326847052189215 0.0
-0.805602580500584 -0.7928452483776247 1.0
0.5597582493858853 0.22624733995341928 1.0
0.04624935148643439 -0.7444275477682711 1.0
0.7082601214958779 -0.7827598886679916 1.0
0.7842414362592625 0.18299022757214733 0.0
0.5804365502410105 -0.9511110382644166 0.0
-0.38215596298184495 -0.7986567428570714 1.0
0.08676724180712014 0.31621949112176195 1.0
-0.7879851884402058 -0.4188775795544719 1.0
0.9160342133763262 0.7206758639791728 0.0
-0.2750644562130393 0.18962559298005965 0.0
0.0902865196713345 0.606820715799743 0.0
0.6821358958263717 0.3407988330428584 0.0
0.3720260921604399 0.7344576406743892 0.0
0.8872756854960695 0.7860829879950488 0.0
0.4019126018446928 0.9272379246339375 1.0
0.32317047450596026 0.29979656029649027 1.0
0.9517143093729277 0.6086838447870897 0.0
-0.03718912088709092 0.7659232919241872 0.0
0.8028073192002099 0.7230446428078481 0.0
-0.8943322305150216 -0.5456063545674317 1.0
0.5013179841058393 0.5641369995802188 0.0
0.30784159381490506 -0.15176730329668975 1.0
0.5216971224057965 0.23440607979558314 1.0
0.6955424436974003 0.4776098105193909 0.0
0.6229656436226023 -0.587241305823955 0.0
0.2549214699920461 0.9977624704447765 1.0
-0.267589824732688 0.8131171318290342 0.0
0.41205032006449027 0.6215586082586337 0.0
0.19908969134623278 0.31032134344448203 1.0
-0.8677173866170067 0.7324173102419942 0.0
0.3550681822710522 0.3099552718506171 1.0
-0.49668084576155014 -0.17127285170861017 0.0
-0.24227639281622637 0.27941177827510844 0.0
0.22874765559627375 0.8769716944592625 1.0
-0.8706262765207464 -0.5066902483523059 1.0
-0.9463201091605371 -0.5360951673321643 1.0
-0.5259328936479539 0.7328376863810298 0.0
-0.9143651167868716 0.8459188115661549 0.0
0.3096646323476442 0.7176224627739156 0.0
0.7131534076990613 0.08496804390648349 0.0
-0.9171773202195164 -0.5026998325534691 1.0
0.15450087776926735 0.7256195328731285 0.0
0.4670755286850843 -0.8588148073387754 1.0
0.005533234160110201 0.6735204201354168 0.0
-0.9670669164553778 0.31255913411243896 1.0
0.5483797156091998 -0.7045114785894486 1.0
-0.8015560283803138 0.47633361695764287 1.0
0.7003643103445827 0.3893014688324441 0.0
0.8740687482664848 0.5766594856809886 0.0
-0.12796013253870808 -0.2471291187019531 0.0
-0.2810913605948533 0.8892671164397052 0.0
-0.532970171340384 0.9992266732949471 1.0
-0.19563855046456213 -0.5262121503495985 0.0
0.47464411116605465 -0.8432265312496381 1.0
0.8940847814609858 -0.4828343709389873 0.0
0.713314955040347 -0.36347044363048675 0.0
-0.5959415556671313 -0.012061708614361732 1.0
-0.5198182100690214 0.3793640684623989 1.0
-0.701768492944328 0.599864718816632 1.0
0.9652817440486818 0.4762415302854084 0.0
-0.47188477806883045 -0.49497900168478703 0.0
0.605632627136407 -0.9212891505116256 0.0
-0.1276541826131774 0.08792526338872442 0.0
-0.8529851934129842 0.21636186011977432 1.0
-0.2557332220376922 -0.438964693532939 0.0
-0.8108973421862842 -0.9982400329308021 1.0
0.07865408450124378 -0.9721417206932788 1.0
-0.4358107702674612 -0.5942760733701635 1.0
0.5772412242604641 0.4500822910489457 0.0
0.5013011357944404 0.13518953840670922 1.0
0.4703879270521718 -0.849445140932404 1.0
-0.11232874038482721 -0.45955482818987003 0.0
-0.5548630059173896 0.7107609135195736 0.0
0.11052654199668543 0.23725196373633706 1.0
-0.158570289461599 -0.010302336099523801 0.0
0.9326656844983312 -0.5536273282917887 0.0
0.09516853155790139 0.6058960914297671 0.0
0.6818553708149455 0.142090979462415 0.0
-0.9826996123687215 -0.8625471759006971 1.0
0.1476521767009673 -0.44632894773930265 1.0
0.19309125534666216 -0.9827527915264305 1.0
0.009950373302411109 -0.8685350699606003 1.0
-0.813166737192015 0.3397068978209692 1.0
-0.7344889743059506 -0.04512731183270957 1.0
-0.23971722025065456 0.05728069834298477 0.0
0.018418558866244883 0.431349998941821 1.0
-0.07369523902320929 0.32154287749800714 1.0
-0.276857215887355 0.41461275825865407 0.0
-0.3128359717909752 -0.802262451719888 1.0
0.2196444470506671 -0.34697577606141783 1.0
0.9783399700368696 -0.01364104458569515 0.0
-0.06302877927277772 0.9802232033946838 0.0
0.0005649546535588801 0.10931647853949267 1.0
0.5917863964814538 -0.5095935680759192 0.0
0.3693662107767819 -0.42432772169940214 1.0
0.7324191233488859 -0.10569146102166949 0.0
-0.9020721441222019 0.4667843747840288 1.0
0.3440393652616891 -0.6406095604422939 1.0
0.1450356005303428 -0.0025414679908066784 1.0
0.9197164149955124 0.6431286435831107 0.0
-0.7093862199709988 0.18597027169121128 1.0
0.7793249923876384 -0.8504582332279385 0.0
0.791411029664618 0.13180199750711008 0.0
-0.7620771221229028 0.7729078978887862 1.0
0.3624926893749134 0.8463293922569417 0.0
-0.16101906391542187 -0.1697704593934264 0.0
0.4284316219884745 0.35980700848671754 1.0
0.9744193013012123 -0.39161443974912924 0.0
-0.034922822079218596 0.33804709373648345 1.0
0.8224164239344083 0.7302265447662646 0.0
-0.14559383423485328 -0.4654489505995474 0.0
0.03002214473607001 -0.6936823216940722 1.0
0.10386754940829324 -0.42569053233902543 1.0
0.30892901479777235 -0.24132156708754882 0.0
0.4964139340904301 0.5416523742304609 0.0
-0.5336801107001545 0.34065052943845253 1.0
0.8950960701711257 -0.5893265829783954 0.0
0.5606299958311098 -0.6103892998323486 1.0
0.6996867121162238 -0.2064071210012457 0.0
0.8208964927877473 0.12261291927797036 0.0
-0.2272663601396987 -0.1314175000926221 0.0
0.267313217548526 0.7280655634045874 1.0
0.65555289157881 -0.6518420155595677 0.0
0.3906038966319818 0.5304094208860124 1.0
0.2834726339001412 0.3674695001514152 1.0
0.37332348246489633 0.8854064928610701 1.0
0.7767232217372397 -0.6914985438352765 0.0
0.565641898091988 -0.8606119414785285 1.0
0.06915204744180259 -0.89655878576494 1.0
-0.4101919925594688 -0.07216016692564575 0.0
0.4934509589043383 0.5213905530094374 0.0
0.8936676876565308 -0.1471248130970113 0.0
0.26104196129517154 0.6164946101754021 1.0
-0.38935833693627964 0.27156994581331007 1.0
-0.5873173774638207 -0.4298348600437183 1.0
0.9446411013598544 -0.04265692831639423 0.0
0.25335071465200554 -0.5725061838835537 1.0
0.32943707635634056 0.8336150101459143 1.0
0.36509265070743036 -0.6299687720103477 1.0
0.0021973652261000343 -0.969855209085958 1.0
-0.07734670133095323 0.16277205235848302 1.0
-0.8171225630676011 -0.055409159074579106 1.0
0.2205275347590192 0.6730923891417533 1.0
-0.12037757164769336 0.5852966684893961 0.0
-0.9364482247430197 -0.16621577115547348 0.0
0.19902406648295212 0.4055430859567384 1.0
0.5748004080181712 0.3538476851049617 1.0
-0.29407857764549505 0.585783265796477 0.0
-0.4108228315041278 -0.7304099177342378 1.0
-0.7535854605786532 0.933017009445416 1.0
-0.5253985480040593 0.23287446035178117 1.0
-0.669902197103682 0.19687766200404044 1.0
0.9743466845224358 -0.477172367698653 0.0
-0.9221137830469694 0.9400217253421539 1.0
-0.638908286540059 0.2617741714125579 1.0
0.6437928547860632 0.6925274658276166 0.0
-0.1794941784018158 -0.2856339405124575 0.0
-0.5921488610944932 -0.6949626591490334 1.0
0.9241638434388098 0.2641031714638262 1.0
0.12923170828462172 -0.8335511917278899 1.0
0.5710696067299266 -0.6653270594602054 1.0
-0.9376571183550066 -0.2558316957697704 0.0
0.350189925244732 0.4702162904941716 1.0
-0.7860973440486037 -0.7139396413953492 1.0
-0.11923231339753348 0.663186432027135 0.0
0.5609621266885474 -0.3804740680040244 0.0
-0.9224869432727734 -0.6458497121209958 1.0
-0.059927834897007815 0.7450511904218435 0.0
0.5472352300539491 -0.29155791570337386 0.0
-0.7139048351462658 0.989878900100996 1.0
-0.6327586735559556 0.1887767575975312 1.0
0.30634688510530594 -0.8606820224730738 1.0
0.5293299157036166 -0.5773910110921183 1.0
-0.11485027499586908 0.17419220883819309 1.0
-0.7923381403297762 0.5383428649304629 1.0
0.4142827141950891 -0.8821274778568733 1.0
-0.9533309517253425 0.9545543984839224 1.0
0.7029443022872468 0.6565311219115206 0.0
-0.7688093927019115 0.4034246522030829 1.0
-0.6336589071423222 0.21376462853926714 1.0
0.6036672834735783 -0.41977049949779155 0.0
-0.3578091847834928 -0.8127226245089532 1.0
0.49714497285999637 -0.754839230064404 1.0
-0.020413295037883472 0.8859199634729844 0.0
-0.15133328066089846 -0.8631850446260432 0.0
-0.7347463835068231 -0.756229836258477 1.0
-0.10839348332385068 -0.11074073243109805 0.0
0.7956638641454161 -0.35886421980993277 0.0
0.5037028055805144 -0.10106658835742843 0.0
0.037352385763288254 -0.8240872104246488 1.0
-0.5567939704860629 -0.3996248615566407 0.0
0.5717173825726642 -0.42550292874691986 0.0
-0.08265229188821355 -0.2879942833743183 0.0
0.11154925929908854 -0.3461661387527024 0.0
-0.7507952869161558 0.8180024258508736 1.0
0.07387717961029527 -0.3434568185239437 0.0
0.07812753900481684 0.682380666693577 0.0
0.5851797799709835 0.6802561423108708 0.0
-0.7483528490536371 0.8804579564288606 1.0
-0.2675259258034419 0.5256055511350368 0.0
-0.13309398202978273 0.1748579451270167 1.0
0.32516873392110246 0.14275868823688542 1.0
0.06217845613587358 -0.12165849755877534 0.0
0.9700004533251392 -0.24645205116795066 0.0
0.5872487490358291 -0.12268399575415723 0.0
-0.0072673471120647815 0.25040874619473374 1.0
-0.7300377974646559 0.6317373160760238 1.0
-0.7747586951705141 -0.14263125588030157 1.0
-0.32193240821168256 0.9462705327082037 0.0
0.6371807154017175 -0.16729878923449948 0.0
0.681861730685521 -0.12468468531828947 0.0
0.5754635317093357 -0.9727415944392974 0.0
-0.8491067135875965 0.5066049420819625 1.0
-0.12476854765991718 0.925289736525797 0.0
0.6206701891679327 0.9433465744195566 0.0
0.021070903723872103 0.03616916099222944 1.0
0.5271905315873695 0.6570924475354101 0.0
-0.6656198465209213 -0.3784238015733197 1.0
-0.34286526628428793 0.5524191043632145 0.0
0.13185436709977716 -0.7298123514515928 1.0
-0.5081187373130609 0.44478602704557435 1.0
-0.28798521060481863 -0.8142668608652894 0.0
-0.9753259679102999 -0.3425869787493885 0.0
-0.10981706100042632 -0.9014981535495374 0.0
0.9195924688616881 0.45142940376959895 0.0
-0.06561821180163974 0.11535771349824508 1.0
-0.804786643822226 -0.20761268083507245 0.0
-0.5399362122771292 -0.8863341087857766 1.0
-0.18815202392941432 -0.2711623676784758 0.0
-0.8549474000494528 0.7737455775219897 0.0
0.6982687371077749 0.30945756104616184 0.0
0.7748672247146966 0.03454455312640414 0.0
-0.626826158463472 -0.14968821198593374 0.0
-0.47222214424037845 0.06767961484487106 1.0
0.6696811158761484 -0.2156162330062239 0.0
-0.5700477203169723 0.27310858322405607 1.0
0.5139278282858715 -0.4171640484830028 0.0
0.8377151601115878 -5.9359031943095886e-06 0.0
0.27241339166685163 0.3214003497521798 1.0
-0.42632395349274343 0.7795148371514122 0.0
0.5286378845095745 -0.4493009277496478 0.0
-0.13707465481083148 -0.8174405084790974 1.0
0.5942493488939109 0.5274543507184257 0.0
0.8359229895225071 0.7479647427596641 0.0
-0.21988715989190188 -0.028253334272043462 0.0
0.11897320188192406 0.8251792733274808 0.0
-0.5380138143285624 0.8363543572536423 0.0
0.9374883154415681 -0.07098163822726788 0.0
0.27664210804028855 0.8165810323336355 1.0
0.6580379272943275 -0.3916692968125799 0.0
-0.1197265934000955 -0.27243001252909105 0.0
-0.5167290660375718 0.9382910918516634 0.0
-0.002769820508496057 0.6034607366520239 0.0
0.26256574703038926 0.5087389271370153 1.0
-0.2635756811279284 -0.697085881159363 0.0
-0.547586758927963 0.606911754786799 0.0
-0.6696290937768066 0.33081434266726917 1.0
-0.529111841604857 0.8869439240914208 0.0
-0.8979795642508159 0.1845933537566291 1.0
-0.20001254135726 -0.5033821288000326 0.0
-0.8594057093960175 -0.5115805826188085 1.0
-0.9873015453779985 -0.04577772708669792 0.0
0.37803263621019867 -0.6911774637078676 1.0
-0.8476666927492496 -0.3699811427908093 1.0
0.02294975748094452 0.10205763527475731 1.0
0.5030572175144639 -0.7621301285551372 1.0
0.683856828788109 -0.45969530940714254 0.0
0.32952477217206644 -0.994842518476988 1.0
0.9330381105679166 0.20236349622762018 1.0
0.6821024705955054 -0.42831315841852824 0.0
-0.2433377600537614 0.8761071602171151 0.0
0.40302552065439823 -0.3688358463751287 0.0
-0.493572940553753 0.8639063257038375 0.0
-0.33045551420666386 -0.8015203788683869 1.0
-0.8573020589440201 -0.8699896454831402 1.0
0.3834524910235986 0.41378711847648253 1.0
0.8950162547316436 -0.9602861792120931 0.0
0.37234589169423415 -0.9313224442025776 1.0
-0.9906829350571915 0.7404125745067958 0.0
0.7494640085997348 0.29656881332637264 0.0
0.666773246097172 -0.44026894788933735 0.0
0.9111499087834334 -0.37158176507613616 0.0
-0.5816866595927326 -0.740502167281125 1.0
0.512382967973722 -0.6851173912002442 1.0
-0.2834066614871751 -0.7090371939516324 0.0
0.1909810708308921 0.23692648942258154 1.0
0.06280964430895808 0.9825235552408844 1.0
-0.7709081203941146 0.2514467517200416 1.0
-0.5806897742421899 -0.053458816445345336 1.0
-0.9956222081189472 0.6256953651543755 0.0
0.7862590522398538 0.2697648678732849 1.0
-0.2209630876910058 0.2665213185796189 1.0
0.6303855731408812 -0.6812398562451902 1.0
0.3826605868755131 0.008256251972837303 1.0
0.6160711930594687 0.00700961584825599 0.0
0.7613426123840898 0.7112732847950582 0.0
-0.8823011962820961 -0.755194361828619 1.0
-0.38983490021168743 0.97123567591174 0.0
-0.5523048991848569 -0.3232370708161254 0.0
0.8515474662713107 -0.6173933287733611 0.0
-0.4421621075299056 0.2369320377550359 1.0
0.35667056268107555 -0.10985065604466437 1.0
-0.17189741721451868 -0.9343194313781336 0.0
0.41607774974313894 0.29264709876717476 1.0
-0.7768159491473177 0.6249622992354218 1.0
-0.8206962338640051 -0.562340482027716 1.0
-0.2941132789294614 0.4564213000123931 0.0
0.5362492532792356 -0.948625821182584 1.0
0.12159401007311765 -0.9697224156123363 1.0
0.16717401662391418 0.7203094578161002 0.0
-0.11918117329684685 -0.3962381346342787 0.0
0.3194042838097064 -0.839258936843648 1.0
0.3174047154182953 -0.9373180851345237 1.0
0.47574372133025666 -0.9299970855931328 1.0
0.38783416172420737 -0.6104571748013436 1.0
0.4053187469382922 0.9010807047331948 0.0
0.6207804393331049 -0.5850697966105378 0.0
-0.8574788777065181 -0.21897113451109762 0.0
-0.8845486410749424 0.2872537516567433 1.0
0.5720208304682626 -0.41665750867446283 0.0
-0.23477509562300658 0.6768252541855404 0.0
0.7418696214824869 -0.9823041459544453 0.0
-0.4577099736563712 -0.5109324598305898 0.0
-0.5191126924880864 0.6085824646595566 0.0
-0.009821185249793585 -0.241708813945944 0.0
0.5228205888273354 -0.7331611457977556 1.0
0.9132185037765319 0.25846399088178384 1.0
0.749146429162828 -0.26159306702640994 0.0
0.7008832783862486 0.48227553988205085 0.0
-0.4857181298769069 -0.051138378763529335 0.0
-0.1421963378790927 0.602565936253463 0.0
0.30487437209117174 0.7062008963655042 0.0
0.7770725962774265 -0.851655765792434 0.0
-0.6760277979420943 0.023785642262484474 1.0
0.3381627158923213 -0.40683985647987897 1.0
-0.22465247420223933 0.6720020559283206 0.0
0.714940553265534 -0.5691570691174217 0.0
-0.8517656125617259 -0.10672051521462067 1.0
-0.17874837455282666 -0.11485680838715573 0.0
-0.5645854033073778 0.11980674571805805 1.0
0.18157581231486097 0.4563312055905777 1.0
-0.10554065247422106 0.2435267448239673 1.0
-0.22520531493212492 0.8825165468849046 0.0
-0.9253274222728243 0.20786560919916486 1.0
0.4230941026356687 0.10513111924312946 1.0
-0.21880600563358787 -0.6393128438201792 0.0
0.3595997512315112 0.3987031784293844 1.0
0.5371221475506369 -0.875305651081578 1.0
-0.6349255560330671 0.17201274906966213 1.0
-0.8878004332561731 0.6645864859703192 0.0
0.43283628457829315 0.31817536210092046 1.0
0.0855448709402502 0.020042778247187032 1.0
-0.23989474619798212 0.05045141526441621 0.0
0.24214901347822138 0.7035965944067668 1.0
-0.30541905853466544 -0.021917740248000195 0.0
-0.29641175881022397 -0.6060274398651693 0.0
-0.02410069502887846 -0.5355079698957106 1.0
0.448346422288983 -0.8795835974243895 1.0
0.2841882864983951 0.2920226108658157 1.0
0.7111386703188354 0.7582923683310239 0.0
0.6214149831756688 -0.41053962970830193 0.0
-0.9049129533764884 -0.17480813030213382 0.0
0.9072731813735786 -0.24485726709467182 0.0
0.13182832689097657 -0.2791591017395689 0.0
0.2942110591508893 -0.6616945482774712 1.0
-0.46256958730353137 -0.5751504517383608 1.0
-0.6281411821870837 0.0048725980985813155 1.0
0.8111720154557258 0.8809058204251528 0.0
0.6344495601306523 -0.621640914922603 0.0
-0.3347047813130446 0.8647895247016857 0.0
-0.07316920294030815 -0.753323309114903 1.0
0.40316618291705897 -0.5379381014701798 1.0
0.43408075996674755 0.5617297556088781 1.0
0.43679090003313625 0.10805712194799377 1.0
0.34001695147827493 -0.0819841106716368 1.0
-0.9563366462783458 0.6069564939457577 0.0
0.5033954353737065 0.5483474340388936 0.0
0.7439726781689571 -0.8875079772374601 0.0
-0.47725681673789344 0.11717615386337643 1.0
0.2929028047629103 -0.7706103922017866 1.0
0.29487089570128666 -0.47299158978659683 1.0
-0.3060791287919167 -0.5533800196297924 0.0
0.7831506745453898 0.29935867910394065 0.0
-0.2906313728357095 -0.6417212705784927 0.0
0.7678554589669027 0.7576261636319064 0.0
0.44223369015393676 -0.3850272257697289 0.0
-0.2607234412857449 0.23501486986120024 0.0
0.35448672609989096 0.029305710842240096 1.0
0.3339173484746141 0.46027005271064003 1.0
-0.019444511636838246 -0.8141494962643328 1.0
-0.3806067363239438 -0.7655503881227377 1.0
0.034849200181714 -0.9777518114669974 1.0
0.08223788812280275 -0.6647794160392606 1.0
0.8176841428565822 -0.2613996633627065 0.0
-0.5017336702400681 -0.7641861294840475 1.0
-0.6060637794414916 -0.9343965299055599 1.0
-0.3577630177487654 0.6483591221618239 0.0
-0.207580445498597 0.8626216716990942 0.0
-0.4879733970966227 0.8375153628770733 0.0
0.047615232049805334 0.6075596234056024 0.0
-0.2139013985839755 0.23393546858831127 1.0
-0.13889821192831242 0.733698441317874 0.0
-0.5414098147436628 0.6048723863092105 0.0
-0.2420549834357173 -0.2998367312629968 0.0
0.28434717290496714 -0.2653950019557858 0.0
-0.10329917604774796 -0.08096043325621305 0.0
-0.3617394978342434 -0.5602851553716279 0.0
0.17572491966800707 -0.4812928120924149 1.0
0.17048178589329832 0.3661778385941339 1.0
-0.5029739050520592 0.18383813651220238 1.0
0.8702947900657061 0.9176201115857991 0.0
0.6130114229183743 -0.23138683979258645 0.0
0.25590985391249155 0.8450914892751284 1.0
0.8519056925037889 0.7939138261813168 0.0
0.24767195721106616 0.03488092040435431 1.0
-0.19106201261843525 0.530804971119091 0.0
0.21179941553234616 -0.253776264096949 0.0
0.115036754563693 0.659982127279549 0.0
0.4633200395698005 0.5559586091015456 0.0
-0.4334176562899861 -0.9012416979412141 1.0
-0.22057700335574593 -0.8816428607122369 0.0
0.1638134584723172 0.1646186109124732 1.0
-0.7495984812520868 -0.07782954675616782 1.0
0.7200038617158919 0.788671762319866 0.0
-0.3950424800311665 -0.9762898175466632 0.0
-0.6791007629647905 -0.35611650010528306 1.0
0.057248931570894834 0.735350065429454 0.0
0.794882060112085 -0.22698815137446804 0.0
0.6368975214411443 0.7981665957605646 0.0
0.4959394404335089 -0.6299191381648073 1.0
0.8219629781080422 -0.9743306935200076 0.0
-0.6878838606796522 -0.15835924697130843 1.0
-0.9364484701787783 0.5766498274110512 0.0
0.26633576184540675 0.49032182800313673 1.0
0.32349799965725734 0.5073864781607016 1.0
0.6613821092249639 0.07160448262568742 0.0
0.16790539957478923 -0.07499180589748011 1.0
-0.9258409778064778 -0.46204917606276563 1.0
-0.5949548353052816 0.17792913423254353 1.0
0.0326588412038904 0.9291958646654219 0.0
-0.8024501927921688 0.7387214325371416 0.0
-0.9170441839019554 -0.02125552185420676 1.0
0.36475721831827146 -0.08655436766047098 1.0
-0.8312828000720474 0.6368344892035132 1.0
-0.020186882626515468 -0.9558084384896175 1.0
-0.37094543227931087 0.23195466315781554 1.0
0.4748840614475791 0.6898634074256167 0.0
0.5259751432669857 -0.5570458224437154 1.0
0.8945786833996388 0.34260902954405315 1.0
0.747539317691218 -0.1691936955832365 0.0
0.46899357920586815 -0.14825423033408192 0.0
0.2694303840938366 -0.15526780131176654 1.0
0.048203277093548325 -0.9690927289914482 1.0
-0.6724574176304878 -0.17637447939205786 0.0
0.5222928689726747 -0.4568423261955923 0.0
-0.979705078567012 0.3172395068108427 1.0
-0.9939448013250303 -0.4826444011910769 0.0
-0.8391914942223828 -0.19678391749229052 0.0
-0.4257084664159081 -0.2316888115599891 0.0
-0.4916606500107761 -0.9738865184669505 1.0
0.8845529813271529 0.6416115768454591 0.0
-0.7947864227444275 -0.33207258441231113 1.0
-0.2185895524913506 -0.48744417856643185 0.0
-0.8941183897546183 0.3721590033106541 1.0
0.14186077714951772 0.21459856843541814 1.0
-0.7522657415848577 -0.9466887047006831 1.0
-0.021769583016088445 0.7795952409964253 0.0
-0.3024306025886856 0.5414777969688069 0.0
0.9644598853530904 -0.41610790788903795 0.0
0.15683862135704607 -0.6612601739576798 1.0
0.35843028700143376 0.9814987459326887 1.0
0.0920175555319176 -0.165212431290352 0.0
0.40013321029303683 0.8788731499104112 0.0
-0.9329622583877446 0.12279128908842707 1.0
-0.937404188129183 -0.6500165936088562 1.0
0.9355369734506853 0.943845022740776 0.0
0.6779091075122612 -0.7395926892115949 1.0
0.921564268702687 -0.8019053144302224 1.0
0.18274154019018263 -0.30924805584274306 0.0
0.3048549506221321 -0.3307524752749784 1.0
-0.9788588302506611 0.5491278517961582 0.0
0.037765841901083785 0.4094013274831454 1.0
-0.8056734209701497 0.9926387144346307 1.0
0.17219316296873366 -0.2728822277941825 0.0
-0.9797124731996543 -0.6856086279252762 1.0
-0.24846155099740996 0.9423325227319774 0.0
0.38217215800166304 0.7831150848778774 0.0
-0.33957265338256337 -0.5331622216061456 0.0
-0.7443720618226117 0.4042648841334391 1.0
0.42209847943376966 0.7841989976991668 0.0
-0.1912684425142075 -0.09423713847923554 0.0
-0.19457682032175994 0.30113628364769895 1.0
0.8881030260756402 -0.8315160863861872 1.0
-0.6680571956504964 0.7000220626909825 0.0
0.9038309806623646 -0.5742904346116093 0.0
0.8475603326225198 0.2486446065257415 1.0
0.5204596121791911 -0.5816734402131856 1.0
-0.21743219648463485 0.3758625035607903 0.0
0.15573634036630035 0.8788943152901092 1.0
0.6513813237320385 -0.41789857343972536 0.0
0.06466343579366973 -0.6972339557174467 1.0
0.28364906306854687 -0.9583562575897764 1.0
-0.7577569998512057 0.7472593689440328 0.0
-0.7020508263287397 -0.0023651794888110977 1.0
0.17658565602940768 0.7201747694869924 0.0
-0.9603436686365723 -0.8420680564864109 1.0
0.48800610600918604 -0.7229613059895259 1.0
-0.9678097735672939 0.03306792508065515 1.0
-0.013307323144834404 0.17696790454463374 1.0
0.6503594022511401 0.4507017030851832 0.0
-0.9988789559772342 -0.9239533200137113 1.0
-0.6509837324432175 -0.2416864588095704 0.0
-0.9843158361084583 -0.1217371620177925 0.0
-0.8615944351075342 -0.665687835343574 1.0
0.959299065571336 -0.8198100256041416 1.0
0.09276751886985424 -0.43283920399096276 1.0
0.673999286705955 0.7877234930138381 0.0
-0.8063302588266297 -0.7480591300615356 1.0
0.18342798815069017 -0.010959168632405536 1.0
0.4263684254777189 -0.49454042806402754 1.0
-0.3132999622808552 0.7012450709286884 0.0
0.6754113353340532 0.9395372264929542 0.0
0.027303726073591106 0.6339817747197669 0.0
0.13104488032254547 0.005701926907238031 1.0
-0.9600242683389211 0.5444983577376976 0.0
0.1853983055534083 -0.4329360798492754 1.0
0.476266233216873 -0.5832508298251762 1.0
0.5697165490807015 0.6359433853661212 0.0
-0.2168045183608005 -0.8558292154223048 0.0
-0.4746194413093763 -0.5798362769427206 1.0
0.9672044037035195 0.6635344784517598 0.0
0.6079368594152172 -0.6557201482134742 1.0
-0.8064747392613574 -0.5152559399885837 1.0
-0.6441788695479096 0.8908737365596033 1.0
-0.3301532326687999 -0.7920891420361418 1.0
0.631577134988647 -0.3969910994426109 0.0
0.7829014638849865 0.5946415160064902 0.0
-0.9089733656828487 0.7820022709254004 0.0
-0.5017776187529444 -0.9931886214968164 1.0
-0.7883378390806746 0.11978162247443946 1.0
-0.33876257846945124 0.582519363033768 0.0
-0.5633674587078681 0.6439737779998784 0.0
-0.703575657280183 -0.6123811903996101 1.0
-0.8880326220876515 -0.18348959090338224 0.0
0.5665922205732901 0.8516119373520907 0.0
0.13883140432082275 -0.25865458669174335 0.0
0.2650381585546182 0.39356191381325156 1.0
0.6846558431811582 -0.6295164976441086 0.0
-0.15201717674949644 0.00853673606911598 0.0
-0.9666056860133994 -0.5010440787832968 1.0
0.6402628633888259 -0.23021383553550723 0.0
-0.14759469500475886 -0.022276055549487417 0.0
-0.030439530166809003 0.8545451154292261 0.0
-0.5031658867630266 0.13448953970073285 1.0
0.2880427145345359 -0.40398010897068803 1.0
0.33336180562145246 0.8072796167852856 0.0
-0.668645092492199 0.037088749496085205 1.0
-0.18433484390255117 0.6302552336086229 0.0
-0.6600036978979331 0.5483792385428699 1.0
-0.3568175918878569 -0.1642100220362579 0.0
0.9823406158329082 0.3330078923897106 1.0
-0.43597185777283776 -0.444524958925137 0.0
0.6971977232306079 -0.08849926667112995 0.0
-0.43875964295377146 0.7058078353591792 0.0
-0.3846858935675044 0.9831656666070216 0.0
-0.8294071531682838 -0.594430545971393 1.0
-0.8000575992696088 -0.7845201542880487 1.0
0.8518722125841465 0.44715957754922186 0.0
0.61630347015456 0.8378580583755211 0.0
0.9342455231923241 0.7982197477710582 0.0
-0.1353725600614315 -0.9724826874151389 0.0
-0.3391644911495846 0.7021689850298669 0.0
-0.5352205857843353 0.37987179428999496 1.0
0.07421767646104627 0.32686927129015 1.0
-0.9485579189329656 0.9276948128399687 0.0
-0.46140355157317003 -0.998043380838834 0.0
0.9975065572202906 0.4237815899454396 1.0
-0.7557238658500955 0.9240216398296597 1.0
-0.08374169010480759 0.18731141800018425 1.0
-0.40121548767926285 -0.8981288980158821 1.0
-0.9453010534357633 -0.9496485579448284 1.0
0.21662008439436886 0.3834129356799758 1.0
-0.15915052826843956 -0.42322654123914627 0.0
0.46474698462781205 -0.6756557338589548 1.0
-0.6289468909819482 -0.8252490728951147 1.0
0.8153229328070839 -0.32733805359957424 0.0
0.52335283929714 0.2545082626734043 1.0
-0.9864937653041728 0.6342307373536034 0.0
0.7996516707557584 -0.6407525233092177 0.0
0.3970604812090077 0.7147111116357454 0.0
-0.17078621640504976 -0.20801674254664504 0.0
-0.4061932385253195 -0.772885827465654 1.0
0.25644376127754764 -0.00833424757686907 1.0
-0.11970548422336935 -0.22825489239635832 0.0
-0.6184345875814417 -0.6265240852195144 1.0
0.7103919936969114 0.05890863211363562 0.0
-0.1748918246681921 -0.36716087426386923 0.0
-0.9288233321270272 0.6657713822650528 0.0
0.0940127908976498 -0.16165548262602103 0.0
-0.83790764722802 0.9521761009546099 1.0
-0.43380867224444475 -0.1969604761744932 0.0
-0.6766302862608244 0.42134966411076236 1.0
0.365885265064515 -0.4572995135119855 1.0
0.8302229639951699 -0.8600746123376497 0.0
0.7212271373976484 -0.31602266525662626 0.0
-0.14949247002543697 -0.23331516958166176 0.0
0.6256322591969146 0.7642458419520386 0.0
-0.11890459547462551 0.13460608416105102 1.0
0.4623097997365 0.651463052304466 0.0
-0.5892140372713313 0.35738141910551535 1.0
0.545999612168615 -0.9436783050946336 1.0
0.18469554194539595 0.44392371464131375 1.0
0.10757434688406708 -0.46622942189848526 1.0
-0.16058835924417347 -0.8417267047853918 0.0
0.2824095828507909 -0.7348198575348346 1.0
-0.5887113552030854 0.5230461386095917 1.0
-0.5171315641862348 0.8367794844211198 0.0
-0.12228553207333359 0.33806761038896327 1.0
0.5519099129874403 -0.10671646730878881 0.0
0.4786187117171341 0.8997717428666445 0.0
-0.4912256656874614 -0.05077401028273032 0.0
-0.016556169031026524 0.9500500225181743 0.0
0.9970384977488156 0.11090838615762788 1.0
-0.6931112126301291 0.09600663242990248 1.0
-0.4617686247073258 -0.928945015298787 1.0
-0.2220590847781736 -0.44962199106657996 0.0
0.1489774967843578 -0.6001874358384915 1.0
-0.6409818481645619 -0.852980003489967 1.0
-0.20602602383653945 -0.5471903591317646 0.0
-0.5122811568886294 0.6208514006489214 0.0
0.014934825449890443 -0.8734404388576935 1.0
-0.8419732794224632 0.27470289591169395 1.0
0.0023446034779808222 0.5239878043318114 0.0
0.6755257918977733 -0.16445317223935252 0.0
0.8841405938334652 0.5511479883179939 0.0
-0.48925976575421215 0.6631208224306664 0.0
-0.764309792172841 0.3998848629534999 1.0
-0.05902058819711509 0.9093723725471801 0.0
0.005165587500232993 -0.47397434864695254 0.0
-0.814381554957545 -0.7973386531263107 1.0
-0.6972036380144622 0.47870751571851144 1.0
0.5368887292870872 0.8869915400660089 0.0
0.6645561066712375 0.14002286910792372 0.0
0.9221536109265449 -0.3688437766940438 0.0
-0.88118038407463 0.24249572689999188 1.0
0.04123664903780222 -0.5285870099314809 1.0
0.3824543782311214 0.6358979796956858 0.0
0.555028673219528 0.9893539643840681 0.0
-0.7634384843526374 -0.3004180146919557 1.0
0.8161997101178247 0.8763645055217784 0.0
-0.6414378840788417 -0.5479235049685056 1.0
-0.05535893181868157 -0.1649807920547275 0.0
0.8463009490966737 0.0624355768890843 0.0
0.9566156298400521 0.5658667881249193 0.0
-0.2668374619321634 0.7011573749454252 0.0
0.7530565016497461 0.06638801363868652 0.0
0.24716677889948624 -0.7074519359858242 1.0
0.5440277311637163 -0.8749394265864436 1.0
0.8600977717121756 0.05177274119765274 0.0
-0.11563663127324553 -0.12578349849869142 0.0
-0.9449195206885934 -0.07300964713509894 0.0
0.3874554426295187 -0.10228305698474816 1.0
0.32115243193134857 0.12072559865054955 1.0
-0.20487511988832208 -0.6623907579650599 0.0
0.5049502618480364 -0.6504007444631781 1.0
-0.22200467858689454 -0.9516966864988763 0.0
-0.019793364758007526 0.4735469386898179 1.0
0.43937897710700224 0.20570552824682675 1.0
-0.5248497561474317 0.07123604610424072 1.0
-0.019050748447732246 -0.7951247873517544 1.0
-0.16529616557832272 -0.4652833339871789 0.0
-0.4021708332194702 -0.06452043274979657 0.0
0.8814340976332682 0.6016311815935842 0.0
-0.6884835640442322 0.11646004301759771 1.0
-0.9251755441127052 0.5283825603343391 1.0
-0.7574411412095796 -0.8399491533101573 1.0
0.5706799004136953 0.46324843513274905 0.0
0.02811841138877247 0.8493724357251564 0.0
-0.5327133698013002 -0.37630552298328124 0.0
0.5015162234378339 0.06734391640986459 1.0
0.9994030834951044 0.28674044804929877 1.0
0.894403218583776 -0.21270915145437508 0.0
0.47726195001721305 0.21671235825320978 1.0
-0.619459073204363 0.5808210825433737 1.0
-0.37704147875220273 -0.9112658555649369 0.0
-0.5753584190489969 0.1374729570963713 1.0
0.92681409401526 -0.32010907258395593 0.0
0.5719571165255091 0.31350769659369493 1.0
0.2837973751705818 0.6889588090146386 1.0
-0.5277456153555846 -0.7318203607578044 1.0
0.8334147603760584 -0.8746246448870032 0.0
-0.15726946301226463 -0.03470849907853135 0.0
-0.8184057396267803 0.037669029860187386 1.0
-0.15963987918994493 -0.09798538557999681 0.0
-0.8790531988789938 -0.4829115012338865 1.0
0.6458329557373659 -0.6858710752007522 1.0
0.14926801008274193 0.34800840969322744 1.0
-0.3178621846530256 0.6207426984449904 0.0
