x y class
0.6868092130259222 0.5399129116875703 1.0
0.5292433478891954 -0.18667982950271367 1.0
0.7872554106520346 0.8576928283558309 0.0
-0.19234536022096416 0.22814884628274856 0.0
0.8544726989929246 0.7701039059568437 0.0
-0.037135994300649955 -0.06399796214512388 0.0
-0.628465324881597 0.642844240743597 0.0
0.3225992736319363 -0.07067524923722246 1.0
0.6381201306488891 -0.7127621712757102 1.0
-0.12410540006827953 0.14145143909621472 0.0
-0.5602707264165365 -0.24833112921126843 1.0
-0.09741458231506672 -0.7175852523078037 1.0
-0.17998863169183466 -0.5376684758618349 1.0
-0.7919290166879078 0.452379622496915 0.0
0.8512551805875679 0.538650667554023 0.0
-0.9425182274540678 0.43910165673199697 0.0
-0.792243135297376 0.6442669078321681 0.0
-0.32919451459310234 -0.20178549282890557 0.0
0.9955184852354979 0.9417978001638037 1.0
-0.7842730455503621 -0.7666552496330046 0.0
0.4635111298443402 0.21619793379287966 1.0
0.4304957681634949 0.20917105979542772 1.0
0.6734697649534178 -0.4347744812625014 1.0
-0.35517287674470666 -0.05986253519852158 0.0
0.39543368379764376 -0.6406880510447996 1.0
0.9889990255874033 -0.418130723310175 1.0
0.16187761687535884 0.46346145357839363 0.0
-0.19809479569689548 -0.7532211308819008 1.0
-0.5386713284026377 0.8699634873530859 0.0
-0.48720075209624647 -0.49856932861768 1.0
-0.39553039301984194 -0.4374233437822035 0.0
0.6321482369412448 -0.1918833370662505 1.0
-0.391083574712227 -0.9337445595244949 1.0
-0.20309464021383228 0.0701326319758051 1.0
-0.438258733165374 0.11164350423589275 0.0
0.28840278443836054 -0.13921390598974903 1.0
-0.24238212819966742 0.21631568299481518 0.0
-0.336283454944607 0.8635066439110552 0.0
-0.4452199980627547 0.16521838196258765 0.0
0.4377220638792092 -0.20682594763953754 1.0
0.29438595966330716 0.09208409378049276 1.0
-0.4227339405310866 -0.9654975498356291 1.0
-0.9396858129047008 -0.801997229643725 0.0
-0.019025243794057678 -0.6816280528490242 1.0
0.6212672070339551 0.6369266733626711 0.0
-0.6569188104659427 0.40862927399765825 0.0
0.9055158403467154 -0.956647642167505 1.0
-0.7335277589071059 0.2893514581051193 0.0
-0.9949490693176346 0.4290359692073964 0.0
-0.1277433826008214 -0.9939325771482661 1.0
-0.007532544118998619 -0.3753012690112687 1.0
0.6460269838226014 0.009409426571915347 1.0
0.9031212834279088 -0.4466670045138208 1.0
0.126345533663768 0.33758280690935294 1.0
-0.8718857553837374 0.311818762539265 0.0
0.9355909260276296 -0.6820788714415842 1.0
-0.0014846604454772372 -0.8455613125076835 1.0
0.8732757152055144 0.32396304641235907 1.0
-0.8332785077506357 -0.5825469823533926 1.0
-0.6612506004078074 -0.792681112313665 0.0
-0.7097643066897386 -0.140692120400161 0.0
-0.9230722593333305 -0.2814302925689447 0.0
0.4205766488807845 -0.6020724227680418 1.0
-0.5850330359109563 0.7361779295691582 0.0
-0.1407966926359454 0.7224164993098472 0.0
0.77126658257758 0.2631929738451957 1.0
0.8670304590726381 0.47765084330318963 0.0
0.16452952659287812 -0.4908795740335905 1.0
-0.5469363175755264 -0.11165895335114628 0.0
-0.2129348417362602 -0.33429640873968713 1.0
0.17311994490685145 0.20524565364305292 0.0
0.26322412952211893 -0.3260915938849023 1.0
-0.353546397225758 -0.1106583457445609 0.0
-0.4113342558114066 0.5620708947529391 0.0
-0.16526480742194694 -0.49067929001276034 1.0
-0.6852908475276365 0.21224010697996532 0.0
-0.5798840154118192 -0.5928716708449824 1.0
-0.2645540082506628 0.4212946437869265 0.0
-0.38637558866584065 -0.04856537679791417 0.0
0.5443960347447392 0.2089103878571812 0.0
0.849867244556417 0.8134689145094234 0.0
-0.28976345016481475 0.12912810041461253 0.0
-0.21010489058177861 -0.48153094353697723 1.0
0.8403146160756769 -0.3134135586394975 1.0
-0.7417592481936446 0.32871138383237475 0.0
-0.2781271405237251 0.9884817271809276 0.0
-0.07700940783305055 -0.7410869331411851 1.0
0.3976166608657883 -0.01295591106476901 1.0
0.4233335144610233 0.23021566967071116 1.0
0.1650235265043467 0.3381177411871583 0.0
-0.3076966227212474 -0.38243617246668604 1.0
-0.8404504589288435 0.5417776291049117 0.0
-0.8172063450723399 -0.6906805776372804 1.0
0.0979931934313285 0.8396204632887034 0.0
-0.7038467113484961 -0.14752825458094443 0.0
-0.035015822909935324 0.2590595056472649 0.0
-0.9706166162227228 -0.01557655999841523 0.0
0.9498391580016621 0.32951758783734 1.0
0.7782422884640656 0.9239253891247452 0.0
0.30460906435088786 0.9654631509857223 0.0
-0.14769971022283657 0.24291256079578627 0.0
0.8090688514685598 0.8439636952532241 0.0
0.7780858052525799 0.13361673652888229 1.0
-0.1487589851050386 0.7522787224557974 0.0
-0.8851279239941223 0.6626568604041747 0.0
-0.7529927476070024 0.8288221610421687 0.0
-0.20792466408033117 0.8688115931960418 0.0
-0.7269763365317878 -0.5641370448693579 0.0
0.5084764830789106 -0.4439364563621353 1.0
0.43209710677408486 -0.6490772527935493 1.0
-0.3999622792220481 -0.6138673454715287 0.0
0.9446117899114688 -0.16388835519168032 1.0
0.7966919404335473 -0.5052690047384782 1.0
0.20954577654951834 0.9718791738425798 0.0
-0.7758113956489898 -0.3301560704593516 0.0
-0.4304910476509034 -0.6620691970257984 0.0
0.9926611826418179 -0.16818262823664565 1.0
0.27437885748322155 -0.6460707522259446 1.0
0.695741916399405 0.5755207085383789 1.0
0.2583818520324448 -0.5456999860536202 1.0
-0.05623119795799458 0.027611250795991582 0.0
-0.7688653586597598 -0.6444604263252576 0.0
-0.5537546335421943 0.9741047525727282 0.0
-0.7969955989155466 -0.9278117350903274 1.0
-0.9916728465451805 -0.9216282491833392 0.0
0.7754246534806182 0.9920230364378 0.0
-0.46478845990834716 -0.46194273247614137 0.0
-0.7300347538776484 -0.8387768350599374 0.0
0.3278862429009122 -0.9310077302206923 1.0
-0.4257762060282231 0.6044812330642877 0.0
-0.09582761629717917 -0.24291828696543316 0.0
-0.9147747111490989 0.6727452785682815 0.0
-0.6221087367618536 0.11857667860051913 0.0
-0.6125036215437469 0.8304977425131979 0.0
0.7961517340944746 0.9910519121764654 0.0
0.8668247272232197 -0.7775812772880022 1.0
-0.06142415535789669 0.26689069985387315 0.0
0.4884549110748171 0.6273364709433393 0.0
-0.8588948886536694 0.3667567077585252 0.0
-0.4098050105628619 0.1816735874067552 0.0
0.8130598238207887 0.8689095569881498 0.0
0.4228301214930952 0.6045416007300028 1.0
-0.8710635905977557 0.8815369521474792 0.0
0.878288946264304 0.2466102390540743 1.0
-0.33789024124209943 0.5018109307559682 0.0
0.6809918107380939 0.3545143853574362 1.0
-0.9718314142310289 0.24586673865624076 0.0
-0.06293224395313302 0.7879166843831411 0.0
-0.38353373955651215 0.946771736487501 0.0
-0.14795593649399863 -0.6720385644282154 1.0
-0.5670242381873325 -0.6213943036991254 1.0
0.24498770125993263 -0.023887311846472192 0.0
-0.879598501027673 0.7841763021472623 0.0
0.060237483987960694 0.25650433762171354 1.0
0.5470508963829055 0.3332411085328466 0.0
-0.8840749506019201 0.1498759959046747 0.0
0.862520770626964 -0.9582076361793777 1.0
-0.4237284689180616 -0.1325399524355544 0.0
-0.630911177695503 -0.02984732297171666 0.0
-0.6588900607072137 -0.7657969158036428 0.0
-0.7042293827470028 -0.5885392024652736 0.0
-0.5173103640272048 0.9509685967242751 0.0
-0.5556878737121003 0.34360559478316866 0.0
-0.3409729663112544 -0.4611606806337909 0.0
0.47040703632512826 -0.562816956714991 1.0
-0.8259247319996408 0.9038753259123069 0.0
0.6792789265016197 0.17093902640758207 1.0
-0.4554869181250736 0.0424317950818609 0.0
0.9249313864827549 -0.08710402224655756 1.0
-0.6009503548814743 0.3302186920511401 0.0
-0.7612907430775904 0.7437426268180143 0.0
-0.06407469635559404 -0.4207628726682249 0.0
0.02891173524882862 -0.5399530600371991 1.0
-0.20732122433890776 -0.7853448171076405 1.0
-0.5723113993428446 0.3466839374304267 0.0
0.12427366118513627 -0.7367643012546012 1.0
0.5978021550688264 0.14009650728142153 1.0
-0.7050195822650553 -0.6814193822026211 0.0
-0.37389833686773843 0.7796719512678332 0.0
-0.3250524237445571 0.896676676590243 0.0
0.9589172624637923 -0.18574424607412565 1.0
-0.7511242322695559 -0.5672182908793115 0.0
0.9243476781473858 -0.7603187731817806 1.0
0.7453053598831543 -0.1784428412343193 1.0
0.5430906333754482 -0.019252264705548194 1.0
-0.9218037559479446 0.9509048325441829 0.0
-0.7033131600474751 0.7887578688467995 0.0
-0.5943778479510946 -0.6039115365899623 1.0
-0.18537401925804264 -0.3003986631411615 1.0
-0.15749637102478875 -0.013402597565560503 0.0
-0.2561440972978708 0.6457505398664791 0.0
-0.510398774092689 -0.8662892788872087 1.0
0.6674833726627609 -0.8421660671106403 1.0
-0.8220133274495489 -0.29214658042174824 0.0
0.5381616782922762 0.21763195923315615 0.0
-0.7008266558777514 -0.5267313392933324 0.0
-0.02449855728833561 0.8673450437019476 0.0
0.9547171230721987 -0.09028198071195193 1.0
0.487532096390344 -0.3922405456924203 1.0
0.3269869572363189 0.3363400256344069 1.0
-0.2108532025939962 0.7104463836265982 0.0
0.6531546025077604 0.5686925035435904 1.0
0.5824084211153677 0.99522637133862 0.0
-0.39344812121293016 -0.6670133169377772 0.0
0.430757739249517 -0.7351537474774015 1.0
0.7574158702707865 0.6010643192956089 1.0
-0.7118674917666721 0.563883492961009 0.0
0.18007600078213382 -0.5565060285631327 1.0
0.7028538256533072 0.5273266648426025 1.0
0.4700152945869307 -0.3166320452269127 1.0
-0.38835980800263625 -0.46958020766137576 0.0
-0.43953690289776115 0.08553212568038715 0.0
-0.07103723152343422 -0.2605061021435344 0.0
-0.6013080420610206 0.8148476580661603 0.0
0.7630264164039771 -0.6684168283762091 1.0
-0.1290803310753863 -0.8044824916304703 1.0
-0.9672993070549238 -0.7352542576853938 0.0
-0.8776693024829543 -0.621222724811576 1.0
-0.32549921090416944 0.9328653871450048 0.0
-0.19728633398706452 -0.29188128179243367 1.0
0.775835320803884 0.9201866220656945 0.0
-0.3813930807019972 -0.6697107112643681 0.0
-0.488947976909027 0.17526192033751653 0.0
0.5612483603312357 -0.28396614886721583 1.0
0.5014599805494926 -0.8123655584448362 1.0
-0.6673586640100762 -0.9577698891049522 1.0
0.48368760050530657 -0.5981719327197643 1.0
0.2976351337134808 -0.1927181457009537 1.0
-0.0949197763928562 -0.5554546347559894 1.0
-0.16884119544844567 -0.3521729022608675 1.0
-0.34284063915903396 0.6133728196223358 0.0
0.4802493288811869 -0.9009123174881581 1.0
-0.7011103062854698 -0.9588713619928342 0.0
-0.8324380169449797 0.7054142755264889 0.0
-0.5638658409251283 0.4989887381896383 0.0
-0.8697984568797947 -0.5057027131491565 1.0
-0.8985619206500781 0.8954230797493592 0.0
-0.44500089987432334 0.10524641169677174 0.0
0.45763960978830354 -0.02450263053464874 1.0
0.18794142145218107 -0.6954116268955655 1.0
0.09405583445696442 -0.1335631793777703 1.0
0.9386771648850509 -0.8787867381985628 1.0
-0.12566757379703386 -0.21726656724163673 0.0
-0.8595072457245745 0.03377974563269337 0.0
0.7302222043786388 0.2938088191376238 1.0
0.1300831132440039 -0.9054524142767948 1.0
-0.8398277636685134 -0.5958369232167107 1.0
0.4258443175899811 -0.42319845383217713 1.0
0.2696954498737172 0.28746661863346 0.0
-0.4692183367606926 -0.33090655037987826 0.0
-0.7344440931838097 -0.3261579892558797 0.0
0.2693337656144428 0.32359162291814814 0.0
0.7528203874847743 -0.5826931692378852 1.0
-0.5054579513276511 0.713555711297174 0.0
-0.430976337415544 -0.9691033570857805 1.0
0.0695605172135072 -0.8554219921134893 1.0
-0.07380192294212429 0.3274782030270722 0.0
-0.9651258562469485 -0.15413607697302956 0.0
0.8908538169496458 0.8631094774561989 0.0
0.40907552394485736 0.9062317435300167 0.0
0.5267911842511186 0.012016240211773832 1.0
0.8596049451273553 -0.9255966013444319 1.0
-0.7774180431195374 -0.2264592296195882 0.0
0.06551904207356252 0.828151902422579 0.0
0.06671493836465081 0.2209560700463109 1.0
0.708379835739605 0.02130377739382805 1.0
0.772640877600753 -0.4317930724120036 1.0
0.2141982767841144 0.2545524382150588 0.0
0.9430049564247629 0.8209024149783029 1.0
0.569652114799776 -0.4193357918222882 1.0
-0.49938887814389576 0.16828869213131048 0.0
0.015176523819425691 0.6881391789799209 0.0
-0.3869847423439836 -0.9233854857109405 1.0
-0.0619459707772525 0.32165508485227035 0.0
0.48986803104140564 -0.5074000176999329 1.0
0.5757746088502953 0.11437979001173226 1.0
0.013493171098752255 0.6670334534761948 0.0
0.7229039391980268 0.440086771550644 1.0
-0.9558932592952194 0.6413367926632227 0.0
0.3359506295170738 0.5093421485057381 0.0
0.8037693990282484 0.8590313213467478 0.0
-0.9163644313281907 0.08085380820986598 0.0
0.16214716414457042 0.6798087042048968 0.0
0.4595254662057282 0.19262929695483777 1.0
-0.5860812938847273 -0.9680840465704401 1.0
-0.2130924738027311 -0.4495158924516578 1.0
-0.5647878350334192 -0.553591369197374 1.0
0.7729458650007872 -0.4076753137763074 1.0
-0.3588915381430777 -0.718939944410546 1.0
-0.3409044495639624 0.3743339531319907 0.0
0.025753820098011193 -0.7748480620087728 1.0
0.8402333505071042 -0.7982320281403312 1.0
0.7954185605851443 0.9261476880954751 0.0
0.19220226548924013 0.22481689588280807 0.0
0.631049795010294 0.9595206297430858 0.0
-0.773892566190417 -0.9574997568221064 1.0
0.2944401307593443 0.9323714894555353 0.0
-0.3695508701289849 0.8181209109854672 0.0
0.39430786099082904 -0.39299819888803245 1.0
0.7688169788797536 -0.4370275950056297 1.0
0.40909351184905884 0.7218313902090883 1.0
0.1936455301692428 -0.36958577602956866 1.0
-0.4314214983866185 0.869422099534362 0.0
-0.7413557716331336 -0.9396093209142715 0.0
-0.2152483086650292 -0.5975494550488423 1.0
0.9910247453221348 -0.5266664479580518 1.0
-0.8933381507963738 0.7063677627996714 0.0
0.42569461243936657 -0.6941389477705442 1.0
0.03180139059902176 -0.2477487299367671 1.0
-0.33867714137861094 0.41947923954107136 0.0
0.787259426336183 -0.9029377827809495 1.0
-0.7004756661517977 -0.9923686679497588 0.0
-0.5260318635391954 0.3841062468591807 0.0
0.478104356106956 0.6716327864016862 0.0
-0.8396922761272057 0.20693430188326167 0.0
0.7768787100495556 -0.016907271917154132 1.0
-0.629232840085219 0.5828863092001684 0.0
-0.3035847740104183 0.05228704769978054 0.0
-0.7913739696706685 -0.2501339619259899 0.0
-0.9764290897009607 -0.06908665490134913 0.0
0.611017771189369 0.4039065432464617 1.0
-0.5113529788316653 -0.4245772245050994 1.0
0.4074358250963861 -0.1981676934121901 1.0
0.30312113360008897 0.436869108836504 0.0
-0.5645090182569377 0.5349624209398198 0.0
-0.517563826164297 -0.852686062191695 1.0
0.26462358420137777 -0.09066058277642686 1.0
0.5618939981313671 0.2089271669452375 0.0
0.09340457949928038 0.4656610962202481 1.0
0.5118938633062353 -0.32845887651959726 1.0
0.6794792374971548 -0.34217302431600793 1.0
-0.23842560408796643 0.11581368117992152 1.0
0.6111418484980375 0.6229973832787612 0.0
0.9333353922672216 0.3706077204852454 1.0
-0.5215967358172191 0.4127429734645276 0.0
-0.5660338986869542 0.23280930556939006 0.0
-0.8924283048952271 -0.3181546947958944 0.0
0.16659358181559303 0.9898933010100739 0.0
-0.463811906452819 -0.5831950830646158 1.0
-0.2342726829486521 -0.9614736351539299 1.0
-0.19381252220888068 0.7924942035262972 0.0
0.17536176074058618 0.4304062602519738 0.0
-0.919747693642645 -0.20828545277366928 0.0
-0.26251270875793065 0.3126852581178339 0.0
-0.39015248003660985 0.4885447205298088 0.0
0.7143110339623162 -0.01776650942601532 1.0
-0.8717002308617698 -0.15536027633993443 0.0
0.09435616252871881 -0.870924290316307 1.0
-0.10732520422078617 -0.029608363950449856 0.0
0.24199776412236473 -0.9412691226768688 1.0
0.18040657963680018 0.4873666470774831 0.0
-0.48540593922044617 -0.40398170464151173 1.0
-0.9656369986500912 -0.38432498636107093 0.0
0.6474154074767635 -0.9405823730856275 1.0
0.5065709916524681 0.9432433930023021 0.0
-0.8210454407432295 0.5931175432067046 0.0
-0.8672896555554852 -0.6488736315811305 1.0
0.5631106800568142 -0.41688692873590427 1.0
-0.6538131679186987 -0.09411321810434647 0.0
-0.9285292269272243 0.36871419920203596 0.0
0.799996637175223 0.06746722152024809 1.0
0.3629876519698483 -0.2518148788570955 1.0
0.057647383814998676 -0.8121797465225924 1.0
-0.6631974194569934 0.055171681018469254 0.0
-0.8938139000036305 -0.06353785235824994 0.0
-0.9960877725776707 -0.1743906124156991 0.0
-0.028076529272852868 -0.2532827514136238 1.0
0.1366700552491067 -0.5899422880491538 1.0
-0.21802261275541057 0.11208543135690308 1.0
0.06291468761817032 -0.5600003251471717 1.0
-0.45399717330409195 0.09174820164985253 0.0
0.9990274065051086 0.2897072857646865 1.0
0.47880296709888004 -0.38865416674877595 1.0
-0.6257685746325239 0.35101912576857885 0.0
0.9377730239162292 0.8298249247622167 1.0
0.9886375314177698 -0.11524921670656596 1.0
0.18938590697300328 -0.6299543538616073 1.0
0.2756392907956011 -0.431791332962669 1.0
-0.8751280639884871 -0.3187998144503519 0.0
-0.004630768934114071 -0.2916051967381621 1.0
0.3409641848766365 0.46851286781261137 1.0
-0.43512091169401645 0.002246465379535323 0.0
0.45895545218754674 0.1014716828083635 1.0
0.8889660730421092 -0.7316391966991425 1.0
-0.12214106552519444 0.6704946600310691 0.0
0.008896187391353338 0.9243859699854546 0.0
0.7002914280670309 0.19154470439421445 1.0
-0.44768569090366084 0.9906274432853666 0.0
0.8976604308704059 0.9404289094979312 0.0
-0.016772972926775598 -0.3136337994703158 1.0
-0.2744037606630132 0.8713216915564108 0.0
0.544980355150076 -0.058454138588463156 1.0
0.6893001396481981 0.8136028889009939 1.0
-0.9630608066569502 0.39512308912782546 0.0
0.8010994743239301 0.5872106847719187 1.0
0.35626103893213545 0.22775701098105183 1.0
-0.7483190286433148 0.1130201340396153 0.0
0.19698213684481658 -0.49585114512171935 1.0
-0.10320703104569806 0.5481743363047216 0.0
-0.6060983889122853 0.7631095856204653 0.0
-0.01062550039432919 0.6808610007838363 0.0
-0.6286982189244426 0.875013153362173 0.0
-0.7584890493586733 0.5448185888570152 0.0
-0.3359458945341198 -0.20109776476164987 0.0
0.03601905445381548 -0.09780894188271794 1.0
0.976732775576741 0.7323110948629632 1.0
0.7966200620321326 -0.8962545969888625 1.0
-0.07390987436387197 0.18474857772494024 0.0
0.0988606637237095 -0.5892555648966973 1.0
0.8782783756875618 -0.6494272165690742 1.0
-0.4695556770187215 0.9577854803568175 0.0
0.11273183520278307 -0.6138049251866624 1.0
0.01502101364754238 -0.17355762819051046 1.0
0.5894028228143438 -0.7077326609908583 1.0
-0.7081424089120854 0.27067500032966474 0.0
0.2349447912178333 -0.31286839603904393 1.0
0.8980286591937279 -0.14254259636480415 1.0
-0.9422272426557403 0.7552476367316643 0.0
-0.4175803192813383 0.9884629966257357 0.0
0.4923183043509922 -0.3588284248364215 1.0
-0.43756134662047597 -0.6331259001582541 0.0
-0.07818943930747779 0.612450529581251 0.0
-0.7927504988632359 -0.5742894777793102 0.0
0.9997595681016371 0.6049463766714016 1.0
0.3659889955780682 0.5498039463393447 1.0
0.6960533883996787 -0.4759173559699317 1.0
-0.4843290268638789 -0.6091068279834795 1.0
0.3748428084437463 -0.9649569500165578 1.0
-0.9175320287870274 -0.5278231911538085 0.0
0.4789319755000918 -0.8056771241968947 1.0
0.9568064950275166 0.9520233771611772 1.0
-0.26805854854168465 -0.3379193122099584 1.0
-0.9141174886399974 0.6359808092392851 0.0
0.7743253545812154 -0.8072344828494988 1.0
-0.7135815848938214 0.9427980209322959 0.0
0.8111743073293298 -0.8472892112426789 1.0
-0.13477376763238125 -0.16174074242256808 0.0
-0.26060484805122885 -0.3411778297724761 1.0
-0.13333794963955592 0.036402542043219466 0.0
0.0027152038268134504 0.7350052378512468 0.0
-0.9329581424433822 0.958669016073292 0.0
0.30967840080888775 -0.20551479834317066 1.0
-0.2800452247468328 0.9566120016899045 0.0
0.3604283755529243 0.2718670086054671 1.0
0.37941483213530636 0.8737404923332788 0.0
-0.7463704742552311 -0.14340905034227025 0.0
-0.545830513083724 0.5547894920254877 0.0
-0.29699848545636764 0.16666324435583313 0.0
-0.5460013490320605 0.5986685312512827 0.0
-0.8951423305786184 -0.036977912176975325 0.0
0.8836862733858819 -0.11555841514024667 1.0
-0.22920289964332574 -0.028983853091040457 1.0
0.1515788584787059 0.8835267813838923 0.0
0.318358492762435 0.8673775905835472 0.0
-0.48893574614848356 0.1621994341654316 0.0
-0.9444865567480027 0.7013026440177332 0.0
-0.8045439158881249 -0.0637805088023149 0.0
0.8667341300810469 -0.045467103806159814 1.0
0.7307898654315059 -0.8791272632993332 1.0
0.5879277723795462 -0.7476605502188831 1.0
0.9168078827257502 -0.6637768752168434 1.0
-0.4353045256420782 -0.7769219336311395 1.0
-0.10205040294988588 -0.05003770819525433 0.0
-0.7444471670466581 -0.3196826286695733 0.0
0.6651289763957151 -0.35260526172856044 1.0
-0.4985923947263968 -0.5141452282233314 1.0
-0.1929752381756087 -0.7182053829270671 1.0
0.9389523400578814 0.7696172216039732 1.0
0.792103333769314 0.9910814200136995 0.0
0.05274936979714662 -0.08466531232159769 1.0
0.2965461113195642 -0.19633705753292063 1.0
0.9945459434978732 0.2972880046762998 1.0
0.5100038605125576 0.2619517607483297 0.0
-0.8285933502324199 -0.5947751784598381 1.0
0.1998902618982521 -0.20972712504458868 1.0
-0.8539448704409585 0.01363118532144636 0.0
-0.31931861652581195 0.869893766830574 0.0
0.9838750526946791 0.017762202425404716 1.0
-0.5009324878948236 -0.11312570191780336 0.0
-0.6500004929362346 0.44223891257156933 0.0
0.12765356335952682 0.21945038912538162 1.0
0.5041428112138806 0.1696210481325806 1.0
0.0501547941595335 -0.16348577702296518 1.0
-0.1518277363820224 0.17089885198503296 0.0
0.8665884123711212 -0.7932714480054315 1.0
-0.362306461608777 0.6379811402840705 0.0
0.013752505945637816 0.47392756648280354 0.0
0.06718492129779752 -0.7713094273214107 1.0
0.41509422677256613 0.24181649129436367 1.0
0.9674508237136372 0.47722674811849863 1.0
0.3083220041296766 -0.9675455467955962 1.0
0.8408713498046303 -0.16849662560418066 1.0
-0.23889281195759926 -0.8664363846482339 1.0
0.23410231765315692 0.25786987674365736 0.0
0.028422075869116048 0.31125072645152696 0.0
-0.9503467494849911 0.7588239821111142 0.0
0.3478649386207544 0.44592017837701303 1.0
0.3938066698723697 -0.012936477181073602 1.0
-0.34333053882817044 -0.06264747611442667 0.0
0.6809162964871807 -0.9654174353704628 1.0
0.21521523887929073 -0.5605626771324994 1.0
-0.35344033512195794 0.6865594460609457 0.0
-0.5108360578234294 0.3912234141131319 0.0
-0.9466370978998617 0.5977076745925192 0.0
0.54379372266585 0.03356677335842373 1.0
0.850992051814395 0.6664177708231906 0.0
-0.9285011371832101 -0.009057518427896927 0.0
0.334770064013062 0.19576823527460507 1.0
0.8386044364915275 -0.4679390481107226 1.0
0.400474820787837 -0.05677465608029131 1.0
0.9330592818592891 -0.182604153165417 1.0
-0.13234263363316456 -0.7178067036086322 1.0
0.626094879587137 0.8729808752344699 0.0
-0.7931135779148175 0.6794118756140086 0.0
0.3354432532608891 -0.25445269434395046 1.0
0.6743893144733819 -0.5691366006732856 1.0
-0.2183776158983104 -0.5335561898623655 1.0
0.5463604460590246 0.9722513355159925 0.0
-0.7013580875470251 -0.7296893601637648 0.0
0.4905248124254509 -0.7209067645030423 1.0
-0.4284262710957003 0.4265040402488032 0.0
-0.02866847994512489 0.17477043020748217 0.0
-0.30952618663624 0.48999508581618834 0.0
0.7676719585359411 0.687306419418632 1.0
0.3308267227566506 -0.029319722663696535 1.0
-0.9156285454693887 0.7878055265479775 0.0
0.6388212174600179 -0.49162422285601837 1.0
0.6209959052756924 -0.8373755925478523 1.0
0.1084186951231012 -0.25238932708112105 1.0
0.4989759177461648 -0.30830524790121494 1.0
-0.9848721189443264 -0.08894073927088297 0.0
-0.20388992887409763 -0.18897716696637956 1.0
-0.8169343105578968 -0.3156937663698127 0.0
0.779447861551875 0.6587146750788415 1.0
0.17683047808992103 -0.6870409443867578 1.0
-0.958096850165626 0.8665461318249721 0.0
0.07050647667746879 -0.056592429502335895 1.0
-0.7210953669600648 0.8594180282495691 0.0
-0.42036075010602447 0.040945897071210435 0.0
-0.1942678614674873 -0.5716785264205073 1.0
0.7749365754873756 0.28998171159620445 1.0
-0.5703218456294699 0.026155256043399078 0.0
-0.7680584116409119 0.10209879096834107 0.0
-0.5750765971702603 -0.052731959894445124 0.0
-0.3720558666362175 -0.6308987375760755 0.0
-0.9982372100168297 0.7857445220686008 0.0
0.708259103888432 -0.36935700435368735 1.0
0.026700010862604984 0.23427099705172827 0.0
0.830753200775032 0.06968892228684509 1.0
0.4299793784804835 0.45548997602640884 1.0
0.880325270731652 0.1275176267688738 1.0
0.09235540697638145 0.5397171385902957 0.0
-0.07336539934577702 0.7330727379353785 0.0
0.35039851295925195 -0.6215121093940428 1.0
0.2799551201099668 0.5021860688496045 0.0
0.9973112657802155 0.1957316611271902 1.0
0.8350291025446204 0.8617316822356564 0.0
-0.7127552614303323 -0.7652828242659961 0.0
0.12241595425538465 0.11387972704715765 1.0
0.614305355410472 0.25429073055594875 1.0
-0.2536911777739266 0.20779273777671503 0.0
-0.04739635746350479 0.2672011919465429 0.0
-0.5626142528947635 0.048132413840909605 0.0
0.935865279118383 -0.4329121455598268 1.0
0.6261474048533193 -0.31849857856682395 1.0
-0.0695825692402019 0.9093348538864565 0.0
0.9906994057971958 0.161602535912708 1.0
-0.4425446224249112 -0.6009241173644733 0.0
-0.3196448829209988 -0.13732248676487857 0.0
0.34623993579908174 0.054934312622691994 1.0
-0.41917848135462776 0.5707553487487484 0.0
0.5245759217291195 -0.9158845183712432 1.0
0.10318862340330148 0.13208251340931199 1.0
-0.01007870312414716 0.126474450383824 0.0
0.012946569060174884 -0.39043099521864755 1.0
-0.9822927773746457 -0.6275313165436616 0.0
0.24280506371532407 -0.5183948501136417 1.0
-0.5522703672957583 -0.9756043224708637 1.0
0.0162425702493183 0.5510789920591046 0.0
0.18440543062073522 0.7014506245737149 0.0
0.09256437784038174 -0.8139204451403907 1.0
0.8199328624600069 0.645910165355364 0.0
-0.9732312752075734 0.7862927972742897 0.0
0.42212590069976086 0.6513059087202486 1.0
0.19538705536599665 -0.9598335470937132 1.0
-0.6914277605454329 -0.9448083352602059 0.0
-0.025970981340220467 0.12751567122390295 0.0
-0.9515647976159405 -0.4722615106997816 0.0
0.6082690282337533 -0.02314001981008018 1.0
-0.7409094487813772 0.3269476141823029 0.0
-0.5510634370217045 -0.4685918255527095 1.0
-0.6722132917903227 0.10897533235515922 0.0
0.7567754927519879 -0.9953461315989658 1.0
-0.6250257017325196 0.370588111167345 0.0
-0.8560660856575146 -0.47800337766059386 1.0
-0.717168569266605 0.48080442900847586 0.0
0.9366064811552515 -0.790727606727043 1.0
-0.5568187508848601 -0.14847881248678285 0.0
0.13845973878764894 -0.13800720486585205 1.0
-0.6054338934328396 -0.870660306476672 1.0
0.4656066993743495 0.2708693013908463 1.0
0.46738646691092756 0.31821106001022015 1.0
-0.856368080944532 -0.09901456485403237 0.0
0.3317925751732398 -0.05996969603471669 1.0
-0.07045988270920756 0.8655770340387292 0.0
-0.5571481368357047 -0.01960175939404296 0.0
0.3142856667089924 -0.2264256419493671 1.0
-0.15182706028270232 0.03283151000886009 0.0
0.3415811156736108 0.4739914703304684 1.0
-0.9188521874698197 -0.6533658183962119 0.0
-0.8956053936301476 -0.9610423901425118 1.0
0.4575652473491987 0.15131646800783405 1.0
0.21222455084077052 0.5672931056101524 0.0
0.011760089496153148 -0.6146305858398962 1.0
-0.4825134784200713 0.3489079113559568 0.0
-0.12505452971211373 -0.15491260782583294 0.0
-0.7854940555197869 -0.585764019580179 0.0
-0.20275820288940039 0.8082968013737362 0.0
0.8563150772897843 0.7272367092031169 0.0
-0.5155405600199865 -0.9069423366353233 1.0
0.13536643774529433 -0.7468231871139785 1.0
-0.4557540077880162 0.5231101154468283 0.0
-0.7788494153533883 0.9837844013175989 0.0
0.0510826193141074 -0.24808816998689398 1.0
0.430667851385355 0.7669349557200162 0.0
0.26341395520670075 0.1469042840457988 0.0
0.6516766934684972 0.27694779973910477 1.0
0.1329979491953872 0.3463919409806846 0.0
0.984458774610339 -0.20610792424392477 1.0
0.49899196769801835 -0.7106188227192141 1.0
0.5141264545675959 -0.30201490453662583 1.0
-0.06863388301048312 -0.3452042825447903 0.0
0.31428304014670494 0.6033673780838553 0.0
0.5328961380364974 0.33591507234829376 0.0
-0.841467416484365 0.5008042062968301 0.0
-0.22131782237710174 0.09359246739420768 1.0
-0.9849583400217137 0.5494474955867303 0.0
0.3982902430745854 -0.9662642404227013 1.0
-0.7034369282311563 -0.006532816538972419 0.0
-0.4818904256653622 -0.4213735242739647 1.0
-0.5461086329905951 -0.8179922400029291 1.0
-0.9572241297221546 -0.43641431721991975 0.0
0.7943942797719785 -0.191646981305589 1.0
-0.3756386432799923 -0.8192812880152556 1.0
0.28175233743085304 0.856635024566738 0.0
-0.31356808805683944 -0.7111820862396359 1.0
-0.8877418210622201 -0.4981611321777524 0.0
-0.3740519171931187 -0.7812828621930539 1.0
0.9137677674972562 -0.41943616860358945 1.0
-0.31187026735555623 -0.8293904423055847 1.0
0.08299340575045355 -0.14679205414452223 1.0
-0.3705888035766782 -0.7100502789571403 0.0
-0.10316459547343126 0.2884086117587552 0.0
-0.49562600771905263 0.9925452854598256 0.0
0.7447629468580641 -0.22310418449438152 1.0
-0.3240239414100248 0.5893849557004998 0.0
-0.04385127911204778 -0.49881627415256236 1.0
-0.6534516572730933 0.2745774447766207 0.0
-0.7548697973487803 0.17636389246388617 0.0
-0.23245807938552532 -0.8306337577002938 1.0
-0.7008486918405783 0.06930668640002846 0.0
-0.9173773279395947 -0.20381050021492353 0.0
-0.4124093141298515 0.4596345068376999 0.0
0.09490116049957242 0.9096371610155005 0.0
-0.9825179857582735 0.04703284165780097 0.0
-0.12857087041212867 -0.39631722671887504 1.0
0.9630904558207383 -0.7874216798455604 1.0
0.007642724123214428 -0.4788647953344918 1.0
0.9951801082676841 -0.7318338177610619 1.0
-0.03879956017664754 0.609995021547491 0.0
-0.09143451314258821 -0.8143991131897099 1.0
0.7658644720918166 -0.4488681712960547 1.0
-0.10327632394797104 -0.19016372475237953 0.0
-0.23897250093816602 -0.5844595304831586 1.0
-0.7988940572042833 0.8375643481555881 0.0
0.9263093590860192 0.46794892116439457 1.0
-0.41864972157517566 -0.30613634077055774 0.0
0.9187650130275047 -0.4324558801708125 1.0
-0.3693395180071346 0.7868380584699037 0.0
-0.7672556299453637 -0.9733612548125448 1.0
-0.4705133191522939 0.27102488853046713 0.0
-0.08477504642922251 0.9051996297998404 0.0
-0.33905350432282155 0.27433914893830735 0.0
-0.9174992858348068 0.970046417305062 0.0
-0.5939903656015404 0.37678990942832247 0.0
0.41818181911454766 -0.7792339301389304 1.0
-0.8340209186890857 0.8834832384356097 0.0
0.6572325391635345 -0.6209050091074806 1.0
0.7931622267261913 -0.10187083225792515 1.0
-0.1452228328274896 0.10900173497470478 0.0
0.5970435344420613 0.1556639195151237 1.0
-0.8073941359464014 -0.8277146565159541 1.0
0.1862957613029892 0.07063764386952376 0.0
-0.06296699210194268 0.586026131247126 0.0
0.9651067040339398 0.7101108502415958 1.0
-0.8398831175954693 -0.7653172127371297 1.0
-0.05696258532658027 0.638042279011207 0.0
0.7571628415181406 -0.0024466390201212107 1.0
-0.9309984852211777 -0.9736471845156471 1.0
-0.20198825797139586 0.4131591254148008 0.0
0.5439625563893249 0.35924519409237554 0.0
0.1271344983577014 -0.4008255163724519 1.0
0.3650545297817991 -0.2836446771972778 1.0
0.7277252085373667 -0.6631551491801055 1.0
-0.048571432242916046 0.3286754366079434 0.0
-0.40019849522348894 0.29513840735129127 0.0
-0.8343106551106259 0.575650348534029 0.0
-0.5172862074825082 0.8952978805656979 0.0
0.4177689650162746 0.31587363348136366 1.0
-0.22294165841926272 0.5774988818629758 0.0
0.7384236482963791 0.36744866315312685 1.0
0.2830168546230247 -0.7814474865061216 1.0
-0.5482540646549667 -0.33224354002321976 1.0
0.35590484357230756 0.4672997460577255 1.0
-0.5537695113325449 -0.6556818208755433 1.0
-0.22468277646140278 -0.8553302728219523 1.0
0.8222163708019634 -0.9129339265496565 1.0
-0.2588523435358947 0.004376759606951053 1.0
-0.2228644614960924 -0.9481545437264083 1.0
-0.6159176751005291 -0.4928365717041725 0.0
-0.4350664721692252 0.6037313046783253 0.0
0.8552072574719385 -0.3329393280891604 1.0
0.5441787246530525 0.5623708765532889 0.0
0.07130810833220447 0.46446705255264575 1.0
-0.548076485054998 -0.11767784183535679 0.0
-0.7707786506082248 -0.6280468730648021 0.0
-0.05837358466720466 -0.3328066939082319 0.0
-0.11081116645359024 -0.44705923331142117 1.0
-0.21148845379428294 0.11195479702902889 1.0
-0.13975751608033415 0.45385687990458257 0.0
-0.2392952239275914 0.7443435745287954 0.0
0.6955772824822173 0.2630802421872236 1.0
-0.8824891686324856 -0.8251192151637672 1.0
0.8565549832718189 0.7700949976285969 0.0
0.19857155447896946 0.5707763872638634 0.0
0.7701701617043835 -0.00727838481019738 1.0
-0.07535680843711723 0.9443185629815067 0.0
-0.969003230693247 -0.20093285279465212 0.0
0.3768088757080226 -0.6447210060685824 1.0
0.8179717300979195 0.6952657543368435 0.0
-0.9239363850931346 0.2632279124108097 0.0
-0.7173141451066831 0.24773722554018862 0.0
-0.5498160837962989 -0.9289228151031865 1.0
-0.7293263971737036 -0.7244534100222473 0.0
-0.06791043322910117 -0.5568891425359663 1.0
0.6163495407872837 -0.7285904569573936 1.0
-0.5280076392068713 -0.7087573540664835 1.0
0.7047203392854247 0.6010606723956406 1.0
-0.7086801882089553 0.31834572670611117 0.0
-0.40542016815203796 -0.6313743818047362 0.0
0.507498892413885 -0.7462388144938574 1.0
0.14021172023732098 -0.3092060772068188 1.0
0.8109193063438458 0.2498156600947503 1.0
-0.8226312703641014 0.7980879747137495 0.0
-0.7150112345136126 0.7340159753754789 0.0
-0.7254802401901597 0.359490186912234 0.0
-0.8696378118092385 0.8688686383724651 0.0
0.5026712492757015 0.25321726719583304 1.0
0.5311255441846858 -0.8796703294315964 1.0
-0.929252995230736 -0.3568415161099383 0.0
0.09187860335837805 -0.2325857825971478 1.0
0.8175897157135157 0.30115943001156875 1.0
-0.10793417219519452 -0.0917995136379317 0.0
-0.8649204615277399 0.22534906323034698 0.0
-0.411989483848056 0.587473775209514 0.0
0.9073319208194666 -0.4833399225508248 1.0
-0.8198358081498578 0.39990077659595746 0.0
0.9386946093371906 -0.902720464016979 1.0
0.02458867631107453 0.2662662373316993 0.0
-0.4405871868606879 -0.0019478233596854633 0.0
0.5034031205105332 -0.2303503829656861 1.0
-0.9591503781973281 0.13389293932914947 0.0
-0.6457692156901726 -0.006801589760956794 0.0
-0.19033895915118348 0.5620545365857748 0.0
0.8742384989262941 0.6078469541960241 0.0
-0.021966400469314085 0.5420749470242328 0.0
-0.2350671829456421 -0.4877763710710339 1.0
-0.5883689898941893 -0.045005934991245944 0.0
-0.7613934033662755 -0.6196714362329223 0.0
0.6023522918230351 0.3687712980589397 1.0
0.868576729299039 0.223660112831918 1.0
-0.7668340217469309 -0.8550724863394403 0.0
-0.8920197551248166 -0.8752113658459837 1.0
0.946555148383535 0.557971323153837 1.0
0.17649911556755749 -0.9277559819738153 1.0
-0.7721270207479138 0.5963101748101125 0.0
-0.9208344647764772 0.7901323057432359 0.0
0.7644554186691737 0.656291644715078 1.0
-0.3853223080692785 0.62614974749495 0.0
-0.7444234363937698 0.5499120065704102 0.0
0.19655389886347963 0.8782399432124341 0.0
0.30969204682712315 0.6765270115819415 0.0
-0.13476514313226096 0.6501105283082305 0.0
-0.7476438718896228 0.003968714719483568 0.0
-0.5012538229692447 0.16190563827313786 0.0
-0.6650034014607693 -0.9076182055612116 0.0
0.41883454472036963 -0.6763514763069458 1.0
-0.7948059302693868 -0.464089739919026 0.0
-0.4839866693459087 -0.5633955206313963 1.0
0.1579755936842655 0.1670178920786627 0.0
-0.9700340915569097 -0.2397450759684281 0.0
0.9455536351970906 -0.0037614250721638154 1.0
-0.9632289392136253 0.45877896947193486 0.0
0.5418521157806118 -0.41997877537566497 1.0
0.8179914210690322 -0.024406404611587718 1.0
0.45708971917941277 0.3508165805018786 1.0
0.30319165747144816 0.9379066699287404 0.0
0.4548795288449432 -0.09834121885289515 1.0
0.25396863476320797 0.78519663041307 0.0
-0.7631284226836108 -0.20465764313228751 0.0
-0.4731011275643804 0.6252055412919266 0.0
0.24261136286412843 0.3524759935011821 0.0
-0.04631728137037139 -0.25622057587834957 0.0
0.24976032471492648 0.19578987961619343 0.0
0.1996635624186811 -0.9489383065275614 1.0
-0.49295644276590833 0.9509765156061933 0.0
-0.29239885281516464 0.04709841833132833 0.0
0.1820537693760269 -0.10769274659730899 1.0
-0.3440935788140278 -0.9298888072119824 1.0
0.009061800246334517 -0.3727394166927849 1.0
0.6000629376019404 -0.2871628469674017 1.0
0.6517625758141423 0.5897051582772148 1.0
0.8534802047310677 0.3000955183683849 1.0
0.5913267895390728 0.1522617285684189 1.0
-0.8639815500922017 -0.6598175774410504 1.0
-0.467644470953438 0.8827003823960673 0.0
0.06863925841134244 0.8933268137535595 0.0
0.2936575591014039 -0.8438384269515966 1.0
-0.5497053534708933 0.9486747051806506 0.0
-0.350048049197228 -0.1727458996362652 0.0
0.3407105217747999 0.039807413025563454 1.0
0.8757378756818055 0.07632057152692662 1.0
-0.20911701355540124 0.8411979555452485 0.0
0.3890423017445792 -0.32238359053471877 1.0
-0.03561549065403202 -0.7917462551219618 1.0
-0.9339596056098054 -0.2455550293623423 0.0
-0.6367597201003918 -0.7356315601120389 1.0
0.9973690583374313 0.43479571752817137 1.0
-0.5964969415989052 0.22515849800447296 0.0
0.41151220179384707 -0.006604610197207261 1.0
0.8686866465079381 -0.8591782582994318 1.0
0.03516141406770634 0.157584652005756 1.0
0.35939646547352333 0.046470518904370595 1.0
-0.7132288346541544 0.03993321609247391 0.0
-0.10750447562692833 0.3501159028626324 0.0
0.8859219388878554 0.2595583817585778 1.0
0.6224373219987025 -0.5526370242460621 1.0
-0.6682685176142138 -0.8633733905130645 0.0
-0.25707383549491514 0.39305082892355503 0.0
0.1637334349440971 -0.21599215341004396 1.0
-0.11591375154643346 -0.14187834336294847 0.0
-0.041937819362769524 0.643809047789367 0.0
-0.26051309540995593 0.8730766979135234 0.0
0.9940546006378552 -0.5247059413215176 1.0
0.18239172029507578 -0.6314095257210375 1.0
-0.8487788111423038 0.12996141622299273 0.0
0.8390072644040001 -0.217703020092058 1.0
-0.33917921172699517 0.45879489158480413 0.0
0.023736189191372548 -0.5252815934588964 1.0
-0.9738873179455667 -0.5955205273074242 0.0
-0.2592057389361766 -0.7888639739167458 1.0
0.6387646654954178 -0.3283191224909747 1.0
-0.1457598851630797 -0.645776545242472 1.0
0.3731680067735199 0.6989832231544522 1.0
-0.20638470716104895 -0.8028592890716022 1.0
0.4259755238632581 0.4194736343010701 1.0
-0.8504892684054841 -0.005038503017302576 0.0
0.3377005164031366 0.3582895469828091 1.0
0.7791950277982518 0.46322000961206267 1.0
0.5820624096059415 0.08688622550448533 1.0
0.32800766583483676 -0.47900321678967783 1.0
-0.7295784923059927 0.6943420214429801 0.0
-0.9603408291790325 -0.8967489516133869 0.0
0.9861251777692903 0.470541416961072 1.0
-0.017495370794081477 -0.1931003142934984 1.0
-0.7349514986030377 0.03047592553857781 0.0
0.9613127211618149 -0.31974797528867915 1.0
0.03384901528254991 -0.7234687673850184 1.0
0.37627652257949706 0.6640708607721588 1.0
-0.7597560294667856 0.5946984648159526 0.0
0.8585563222756454 0.18207616982268027 1.0
0.6565817770176048 0.3474111357858536 1.0
0.9314639310439459 0.2788439373654523 1.0
0.3906046738978062 -0.194847374319149 1.0
0.7127916457974985 0.5569717813311788 1.0
0.2618096837657704 -0.9891744730014067 1.0
-0.04393314410944971 -0.4173004525277195 1.0
-0.2280574559758224 -0.10381442328753887 1.0
0.6386920856185638 -0.7654838380579561 1.0
-0.8563735892169175 0.9821897648017941 0.0
-0.8766493861922238 0.1925659289299555 0.0
-0.41710718591649365 0.08212423786372636 0.0
-0.8279403534857537 -0.14910419832476074 0.0
0.346647818001242 0.890541739885315 0.0
0.7845573692738701 0.49753897840209627 1.0
0.3139716614986434 -0.45603651706054005 1.0
0.10025562289922796 0.7429239977806994 0.0
-0.8039904898402643 0.014845983297384624 0.0
0.8752720350955563 0.23949618000299155 1.0
-0.7391898397236067 0.5194183666000312 0.0
-0.8341343793586 -0.5719312194470099 1.0
0.626763841242665 -0.1555569700780457 1.0
0.5510911960459641 0.25400968615715724 0.0
-0.0888567763132444 0.17614393409510987 0.0
-0.14103635051689922 0.14029584518618488 0.0
-0.0964933279136031 0.2818109326548577 0.0
0.8873201937215653 0.8744861458610074 0.0
0.5485130898666046 -0.00662986723692649 1.0
0.05157697434839492 -0.8393744275695147 1.0
0.9934381351106008 0.4464220181920393 1.0
-0.32190177734214775 0.11808405950688017 0.0
-0.6460454893141416 0.18319293837079087 0.0
-0.40399041971011296 0.6148547765115642 0.0
0.11923301637970374 -0.41107576214668495 1.0
-0.4833599400708777 -0.6033370175448116 1.0
0.2303370216439149 -0.4459395188565216 1.0
-0.0036429614820105982 0.4368658806635308 0.0
-0.563558718196639 -0.7455853170528322 1.0
-0.8521013269638842 -0.3541346866463375 0.0
0.04846902503768824 -0.9689597214983892 1.0
-0.9064992084397858 0.313091469310977 0.0
0.852890522555487 0.8039215523583314 0.0
0.48711054040230706 0.9572518425075269 0.0
0.15835401776692049 -0.0067838515640015196 1.0
0.7095257607092018 -0.9407622807759028 1.0
-0.9058923710653275 0.679858239515037 0.0
-0.4292833234380302 0.6107323529928346 0.0
-0.40761169380900886 0.5752913423754575 0.0
0.7828740985435279 0.0713006825456286 1.0
-0.7720974355534584 -0.3643385159101764 0.0
0.9607963380856932 -0.3834732275849535 1.0
-0.2938589793601625 0.16264213369144453 0.0
-0.7197952637160148 -0.49209033767092736 0.0
0.8367607939606037 0.040761199943358806 1.0
0.29350724972446085 0.33773806730916167 0.0
-0.20032034932580722 -0.03900322083046737 1.0
-0.11752088603782385 0.03992400646533745 0.0
-0.18642045817818587 -0.487883958653361 1.0
0.5982037127746649 -0.9401728588853318 1.0
-0.8432685017823345 -0.8248464799356745 1.0
0.4781739126022524 0.7785941136295302 0.0
-0.75600383110539 0.8843315897549737 0.0
0.9970962654889834 0.21872266431926657 1.0
0.024181365129675836 0.5695944145732599 0.0
-0.2613202780069437 0.36068936036452337 0.0
-0.10704177761186529 0.1569501588345883 0.0
0.029282938831163063 -0.5172757703678978 1.0
0.7358060764192982 -0.7512107953021694 1.0
0.4603708735118526 0.5435331158524472 1.0
0.2583045156974306 0.1806097072089412 0.0
0.28456921708547167 -0.6552510612729192 1.0
0.18844527881041007 -0.24849283168181424 1.0
0.12370863851783698 -0.544426422884257 1.0
-0.6864734881849641 0.029800156927247023 0.0
0.8281559352599293 -0.9540445546491354 1.0
-0.694101132026038 0.0778868343695569 0.0
-0.6148748843016416 -0.926417180368895 1.0
-0.4297309725702174 0.2596039785726325 0.0
0.22125410131712098 -0.6426466713114187 1.0
-0.9935563272819148 -0.24368381504066483 0.0
0.9632691038381707 0.9830545446409948 1.0
-0.19145872977431044 0.4706710045678064 0.0
-0.794473582057754 -0.7471940729035489 1.0
0.3955450034715897 0.4613997868407318 1.0
0.08693598026120553 -0.6905348764399306 1.0
0.3730543873576928 0.738684431293998 1.0
-0.4103443855783677 0.4723270233195649 0.0
-0.35898484298222133 0.468597562557413 0.0
0.5753243384876046 -0.9037234148983857 1.0
0.969034770807345 0.10563850298968602 1.0
-0.09913263637917691 0.3250232609864918 0.0
-0.998878454193463 0.48734969296835184 0.0
-0.3247052829323238 0.6275114543276945 0.0
0.8314878026717518 0.7500215679902487 0.0
0.49210964103591426 0.4580066568562997 0.0
0.780705497328835 -0.41240649396606455 1.0
0.8610857267848555 -0.47413002531464987 1.0
-0.824741151631643 -0.13806107334866158 0.0
-0.28154687718955995 -0.08261438603381044 1.0
-0.18851115696246223 -0.70630065250025 1.0
0.0513161557257944 -0.8655982250955523 1.0
-0.16741722678296278 -0.5799261612829549 1.0
-0.24141371506287657 -0.2233022417510615 1.0
0.7592698143266854 0.4981543698967197 1.0
-0.1828475322654668 0.23215057857349453 0.0
-0.5265955296774918 -0.815615562284679 1.0
-0.8422368662026773 0.6029073417944122 0.0
-0.18544942705360223 -0.9826243765528813 1.0
0.9638109040574661 0.974080514948084 1.0
0.8413968029918402 0.003648367555372678 1.0
0.8221239297610894 0.16654281573272467 1.0
-0.32985489885015373 -0.6130528016685586 1.0
-0.36431073411330606 -0.2677364857084994 0.0
0.46302420535489786 -0.76444464306118 1.0
-0.8110937679533616 0.6236271603984931 0.0
-0.18641644589618922 -0.410231186637783 1.0
-0.6101400465221523 -0.06178813003222894 0.0
0.058976952724348 -0.8237366113074416 1.0
-0.2162671712551969 -0.5150432021512319 1.0
0.10583593307957773 -0.345345636931893 1.0
0.14415672401058588 0.5704798500326904 0.0
-0.519339192830985 0.6605772219989161 0.0
-0.9492944260230773 -0.6622302486971001 0.0
0.9966725346198304 -0.5191774673727851 1.0
-0.1754060645140696 -0.14710227464661552 1.0
-0.6097311243070487 0.7759874131035913 0.0
0.30836110916329673 -0.0023740918459496108 1.0
-0.18223737827287612 0.2024992631720275 0.0
0.10005218790894421 -0.7287992832026957 1.0
0.2791530932643276 0.0569070229761226 0.0
0.5488456325614377 -0.9678801377978801 1.0
-0.5173027242656005 -0.23422391636420636 1.0
-0.7166659221210376 0.17528400157547708 0.0
0.5083441040150911 0.5099696669976668 0.0
-0.854321306450456 -0.6255806202828702 1.0
-0.8991212558492987 -0.3616089939224072 0.0
0.6626261048518391 -0.6790233336559641 1.0
-0.14117377529681807 -0.8201956906317664 1.0
0.6774010594073248 0.6421614147070303 1.0
0.3679018243824821 -0.9411586994377423 1.0
-0.47413164576618616 -0.3358109175052011 0.0
-0.8157084514695785 -0.01123461227539746 0.0
0.7889598471277892 -0.26478718156212144 1.0
0.42922107229023454 0.8732738501830175 0.0
-0.07968102665493104 0.5267212002661801 0.0
0.33647997038440236 -0.18565787403373513 1.0
0.22987968469398745 0.817082065631684 0.0
0.2653526170614007 0.8934747061616917 0.0
-0.7981428890186049 -0.10705099943280172 0.0
0.7504353185331238 -0.1564516442358137 1.0
0.0010470527214776482 -0.6664066806130433 1.0
-0.3176716098783636 -0.788225081854435 1.0
0.1023875096710305 -0.19778943954608863 1.0
-0.3674179129006736 0.15960261691728705 0.0
-0.4744798085279043 0.943770536584875 0.0
0.28211255299857263 0.5821481441071255 0.0
-0.27464353903132355 -0.6440249378238068 1.0
0.0750291476499283 -0.44862316645619593 1.0
0.3673042683780017 -0.6826240259566183 1.0
-0.7011403535479335 -0.43464311964592284 0.0
0.7752460362746401 -0.5192432891487553 1.0
0.42819995534498556 0.721481787177551 1.0
-0.2936886441443214 0.6590704514365728 0.0
0.6061802359036534 -0.6683956929958041 1.0
-0.9965253354756656 -0.8144339370504339 0.0
-0.7775408045643208 0.6183914041292096 0.0
0.27739988278556127 -0.5407812971936723 1.0
0.837875670878973 -0.07862211856467693 1.0
0.11756189653451687 0.04758446340055911 1.0
0.5642771470288999 -0.22729329151179423 1.0
0.9674609668743355 -0.25328049539632747 1.0
0.6220287090682353 0.46651440124009436 1.0
-0.002466319267617978 0.21298048308981343 0.0
-0.12925436957466263 -0.4071866547996241 1.0
0.6614372285662427 0.7978278602084907 1.0
-0.4743199478190432 0.21480280732779256 0.0
0.9474451603014598 -0.8224838546731161 1.0
-0.09255573697098796 0.5022277486414297 0.0
0.48491098198751326 0.7716460618931498 0.0
-0.4669117526847415 0.5439732765115257 0.0
-0.6838522023447386 -0.8713741134301718 0.0
-0.3873493390926803 0.6232842865153847 0.0
0.8591447186238628 -0.14035857687267117 1.0
0.6460144147426767 -0.6975643419415567 1.0
-0.2555199458082391 -0.507116183870739 1.0
0.9664509188864534 0.4836686321099828 1.0
0.6884327190826642 0.4539734576450303 1.0
-0.286448617081027 0.7373927641470774 0.0
-0.5418682354115827 -0.15528685376425932 1.0
-0.8266284093323351 0.21263443334352017 0.0
-0.16753233265452838 0.9693371431978379 0.0
0.10548201524583734 -0.3002384817012629 1.0
0.46489071916423064 -0.773687296984906 1.0
-0.5340653942280758 0.7794937744980925 0.0
-0.7938004993643268 0.987538470548952 0.0
-0.8117133938757854 0.24335868479988831 0.0
0.0978348842708956 -0.30821125350854217 1.0
-0.9935157044519956 0.5931018631072431 0.0
0.2812678014094103 0.5052788190707986 0.0
-0.8711476431934018 -0.48799454097317296 1.0
0.5871241139974848 -0.13886349482379456 1.0
0.9847356428495107 0.16302039872980423 1.0
-0.8895653804932335 0.9207649566461291 0.0
0.7218191034854144 0.3545121856658462 1.0
-0.36538279101114846 -0.6337208665407774 0.0
-0.7800207478001318 0.9329270723665699 0.0
0.20164431737573718 -0.47942982243826937 1.0
0.3001197298780569 -0.1995374640964247 1.0
0.27555102274541654 -0.19261053953611418 1.0
0.5970579124219157 0.004066061216763117 1.0
0.9613798647365939 0.15045787158057133 1.0
0.07457780947155013 -0.6126876302049058 1.0
0.18584245080758022 0.17570412167552152 0.0
0.31976876141450017 0.5655844090165152 0.0
-0.5312006483914089 -0.004822620031513347 0.0
0.8162000942430072 -0.547846402622435 1.0
-0.6349622557049703 0.9043163284856373 0.0
-0.7325344153377398 0.8869786355160556 0.0
-0.8605602751847257 -0.06026771522445684 0.0
0.27308269617440084 -0.2112823797791219 1.0
-0.28486543236212003 -0.034611428874520955 0.0
0.9322154150120194 -0.6299059824826103 1.0
-0.9892174827010041 -0.8627425548539054 0.0
-0.8083826950718007 -0.5948274208488002 0.0
0.20998857265730808 0.04945825731741649 0.0
0.025552668357185615 0.3152697271337974 0.0
0.3513378638730269 -0.9131078135346262 1.0
-0.9482659745241144 0.0325157451289928 0.0
-0.9954379489408172 0.40031802999498667 0.0
0.4489675911880271 -0.7157408512046788 1.0
-0.05522213671726717 -0.38004299220937066 0.0
0.694071422912002 0.8073963760816731 1.0
-0.2525555250598459 0.6245782988871929 0.0
0.23150536869518645 0.20741420251645204 0.0
0.6582533387742273 -0.24256043570164465 1.0
-0.5402324706695885 -0.13213544008518974 0.0
-0.4749887562823851 0.557147534105668 0.0
0.02064717803454119 0.9368990934999715 0.0
0.5481475642870324 -0.3812767698576167 1.0
0.8356145609183177 -0.3880604212598382 1.0
0.3341020386348006 -0.7110957731434084 1.0
-0.5708171187446207 -0.29391000752185836 1.0
-0.5565607871058085 0.6699141872652596 0.0
0.025971525188902334 0.3167661463734419 0.0
0.17951934289112548 0.6482057592690551 0.0
-0.7323896429723931 -0.31817709252675086 0.0
-0.5703103794213524 -0.7064776383088269 1.0
-0.6551896087367723 -0.7989736134639125 0.0
-0.8197269037024193 -0.3797704827968502 0.0
-0.7589108652960972 -0.7516721269763169 0.0
0.49664917502642303 -0.5016641964678614 1.0
-0.23883486760882167 -0.9195459376909965 1.0
-0.7111623041814161 -0.26965617053215474 0.0
-0.27251248116210025 -0.3227281090135343 1.0
0.755772019133492 -0.9736352166800857 1.0
0.9875920184225297 0.520367232048516 1.0
-0.9935561345486938 0.5833244848325141 0.0
0.058811850037352675 -0.06408404477511453 1.0
-0.4312804171804159 0.6394336043735269 0.0
0.013700335974226485 -0.6778180639502869 1.0
-0.9962588363769971 0.3757224265948673 0.0
0.6602614800816826 -0.8084292327781268 1.0
-0.6759067159298295 -0.2732878648599495 0.0
-0.8670619366692209 0.34102473144885637 0.0
-0.8331791245645399 0.6406528891940746 0.0
-0.7124344232940367 0.7720536701628069 0.0
-0.8481487389549496 0.9081605944555504 0.0
-0.735685580420228 -0.3806057138195291 0.0
0.1615554478357908 0.7234629951702884 0.0
0.0598246071803632 0.4205625477468051 1.0
-0.11031484540595171 0.3981205969926125 0.0
0.9811412354823226 -0.6031527223296045 1.0
0.04114369092326431 -0.8956053810530378 1.0
-0.32990584015777924 0.9921395836623137 0.0
0.07860240206275648 0.5378465434638671 0.0
0.0069172339633727375 -0.027818159607122306 1.0
-0.4192906490144026 -0.16892232896674186 0.0
-0.2239045831526716 0.3941413505071709 0.0
0.9379442056461291 -0.4905072906751118 1.0
-0.2557987510222819 0.6252993739233978 0.0
-0.9713996250195509 -0.3047051667883547 0.0
0.646212118860926 -0.3602354213776475 1.0
0.520745504129196 0.49031187955811917 0.0
-0.16832563535061995 -0.3211974417420529 1.0
0.9087099671326169 -0.8803761687266574 1.0
0.057439134090515154 -0.9107489599166552 1.0
0.1467746103964167 -0.549908714322676 1.0
0.9592614859036463 -0.8794021832972614 1.0
0.7244554770218827 0.3278644783807265 1.0
0.4640455878727505 0.47958584373836377 1.0
-0.8950080658705486 -0.17581648578539055 0.0
-0.6221191263360042 -0.8067581932028756 1.0
-0.3978846380347343 -0.9236990902190365 1.0
0.6010762620210828 -0.3538362505070751 1.0
0.7707267532865232 0.8857600461413713 1.0
-0.5744251369506224 0.3901816025636591 0.0
-0.03859331428570001 -0.864810821082832 1.0
-0.8870864190430994 0.5368848155534549 0.0
0.29273314589933186 -0.46621103106118955 1.0
-0.33257450753391526 -0.6831784157419802 1.0
0.3786839913731106 -0.04629733319672091 1.0
-0.15408825597424358 -0.35502441242398386 1.0
-0.5003350860866482 -0.7411101324398508 1.0
0.2569072795185836 0.30067583028190814 0.0
-0.46551163580770094 -0.8316333247377177 1.0
-0.28189454020226345 -0.1893309269497443 1.0
-0.744483264461868 -0.8482693644649557 0.0
0.8300575488596678 0.8349471029555524 0.0
0.0967231074755035 0.05378642451483495 1.0
0.09470094410588237 -0.41625195526414926 1.0
-0.7004006610006666 0.2791633422229578 0.0
0.08894656628532993 0.8979651951125533 0.0
-0.07776594651319835 -0.4100233057161877 0.0
-0.23264889223329233 0.3809174447337744 0.0
0.21972716048226038 0.9762819640059102 0.0
0.8571715838667633 0.4865999681637796 0.0
0.7247029574241235 0.7676619004810556 1.0
-0.7481096256140816 0.13910690343076992 0.0
0.3527669476504116 -0.9899972387138083 1.0
-0.2112947575090447 0.023256918338193877 1.0
0.31615491070088053 0.4605516651024675 0.0
0.3454661670204169 0.3232112143969621 1.0
0.0851569291574199 0.6287051120757408 0.0
0.788364734486241 0.9079563779531348 0.0
0.08732358978775911 -0.2437343157059213 1.0
-0.6640881021171472 0.8529873895151203 0.0
0.5043385587542446 -0.4131081433917432 1.0
0.3981087766688285 -0.28417836772096683 1.0
0.18056544094332616 0.9183071868818964 0.0
0.3847463381242182 -0.5455658252107034 1.0
-0.3818778411034456 -0.23205440129216992 0.0
-0.6079509641113725 0.010323479201200803 0.0
0.9179956276882624 0.4640704932163371 1.0
0.2588321160649423 -0.30450164119053813 1.0
0.9954043116562621 0.5316093344911244 1.0
-0.6436458519963144 0.37048551600276536 0.0
0.44277280779198325 -0.3493291001654655 1.0
0.9384174533183101 -0.3706065267266898 1.0
-0.6475588677242679 0.4231014844297092 0.0
0.07619287316018486 -0.35518413005253113 1.0
-0.4771267960066854 -0.7861373077509368 1.0
0.21132294302332721 -0.9866559112584881 1.0
0.3102503970567534 0.07335733845649162 1.0
0.7620039508218099 -0.9876948028353916 1.0
0.04101690212093523 0.718707787447153 0.0
-0.176381797711755 0.8722270626883186 0.0
0.9804796197668733 0.6957815266783558 1.0
-0.6278160509337694 -0.7081942853218759 1.0
0.26271562451468644 -0.7799469472417524 1.0
-0.8786684710245705 -0.6718208926676121 1.0
-0.573362986348595 -0.04035481916894024 0.0
-0.9053837990407103 0.06995687615365953 0.0
0.7103545844547192 -0.6204099349130134 1.0
0.8768730088454597 0.18663672900895034 1.0
0.0548518232919033 0.23138863662758125 1.0
-0.00799207150697745 0.9737033243528441 0.0
-0.009320896585436111 -0.9914392763481168 1.0
-0.160018215069756 -0.03313884123645683 0.0
-0.7700786275806608 0.8141695655134813 0.0
-0.32009299170175654 -0.5105660831131698 1.0
0.35763111879119536 -0.9584013702098921 1.0
-0.6487441911911085 0.05512487101511332 0.0
-0.10465527979760947 -0.1972053225421031 0.0
-0.5370865547002492 0.39840063658208624 0.0
-0.23958651686467647 0.715860498324703 0.0
-0.658762144456934 0.5787544715303423 0.0
0.4434311234023547 -0.5987337411699192 1.0
0.2931601496275953 -0.15536993715602865 1.0
0.5515156824813372 0.7668276179642823 0.0
0.3833973512549811 0.4962603502032439 1.0
-0.797764414987183 -0.3525199567592321 0.0
-0.9490776528619473 -0.7756047268314226 0.0
-0.3220927020950175 0.2719616745613802 0.0
-0.8944937347585551 -0.9995353243659713 1.0
0.15107688009461695 0.5216503241581103 0.0
0.8441018063149002 -0.5423773436445842 1.0
-0.313311442463331 0.8982067322311693 0.0
0.696742110202424 0.8341269653918588 1.0
0.7651936860824993 0.06632176164067305 1.0
0.347067753957484 -0.5390078949003716 1.0
0.02199742095435142 0.03649101851339642 1.0
-0.41014026845712315 -0.6422400105799524 0.0
0.1355368244551043 -0.6332145586065818 1.0
-0.24488515448248416 0.1567144023567708 0.0
-0.7825124628179165 -0.17868673917190248 0.0
-0.3008897005261071 -0.13351094179603007 0.0
-0.918397932033922 -0.6764118476002103 0.0
-0.026409280598829632 -0.9716359577764822 1.0
-0.24033224746313664 0.3520612936866061 0.0
0.48340467196044123 -0.9203741120319568 1.0
0.2825410536114241 0.17670853651044638 0.0
-0.5422143443251792 0.9199311045759981 0.0
0.912323454120495 0.6025024164239656 1.0
0.6107609160013043 -0.47750760320830254 1.0
0.8129030720022632 0.2075502584419484 1.0
0.6094342013202183 0.4987836685704925 0.0
-0.6280512872898145 -0.11568962749068179 0.0
0.9016995618884902 -0.3437866960186282 1.0
0.998921877980514 0.5252557471465424 1.0
-0.02682261701023325 -0.09244630021461853 0.0
0.31194553510273226 0.7715718952593931 0.0
-0.04475353106643398 0.7653991772787097 0.0
0.23069454163449232 -0.8606778809661941 1.0
-0.9902043026714928 -0.9811861607009846 0.0
0.5896519283800232 -0.7398702397785613 1.0
-0.9827626896615014 -0.8194023401745723 0.0
0.07519308395933244 0.20747635563869848 1.0
0.5693817344408929 0.11659622707715478 1.0
-0.4608524479424343 -0.11468973009275119 0.0
-0.7852932853408294 -0.5220615696329138 0.0
0.785910952833359 0.4699083161168689 1.0
0.14090878750960445 -0.41267126757702854 1.0
-0.2071407241004728 -0.5220658624887446 1.0
-0.5887912352620799 -0.7221831159860881 1.0
-0.28079657773579436 0.9242099710876219 0.0
0.3836399481259045 0.6233666702175793 1.0
-0.49485733156093836 0.12051131756692657 0.0
-0.3847087968873728 -0.6015428892070831 0.0
0.22315843397158908 -0.9810663736688718 1.0
0.9754166186841196 -0.28945709315167445 1.0
-0.4553524608007038 -0.729841366182642 1.0
0.22428863649185593 0.2165115799671995 0.0
0.9509427662362739 0.23100718912570062 1.0
-0.9374387624166693 -0.027190338574588857 0.0
0.012358563316451132 -0.4318551305222531 1.0
0.9629558680705343 -0.3700077436871363 1.0
-0.5555487521041937 -0.3832713083463817 1.0
0.00035255886051377416 0.775877495002552 0.0
0.1953542717395984 0.9411510218256836 0.0
0.30636946237566565 0.09256907097848366 1.0
0.5969996737620034 -0.19060678805443576 1.0
-0.8542623834114411 0.2546011339094081 0.0
0.8315799537558799 -0.004073592633853762 1.0
-0.06298543537593826 0.7628475785472189 0.0
-0.28174969679732764 0.9707748229221957 0.0
0.8409595961485179 -0.41125409191422757 1.0
-0.2737071343844557 -0.9923324332113852 1.0
-0.7496137794715365 -0.66421926186221 0.0
-0.5191253553498851 0.9975368782778089 0.0
0.20426858882069787 -0.17602099345390965 1.0
0.2635212242401179 -0.8061282969951733 1.0
0.5766179579031694 0.8392162761263922 0.0
0.25515631314856657 0.1417404997672087 0.0
-0.37065671304447845 -0.18426739394094493 0.0
0.3387486567185074 0.1679702400522627 1.0
-0.9137936451713473 0.39363117675323256 0.0
0.4116077419263029 -0.9576366566196681 1.0
0.3478101292649003 -0.6876221670166487 1.0
-0.8225464759067411 0.6852304756119432 0.0
-0.5134428647212057 -0.5084785818362039 1.0
-0.6535214310520159 0.8147668694368779 0.0
0.6691067009970963 -0.47937165988746555 1.0
-0.343527379250254 -0.16656496250423913 0.0
-0.2818167470070472 0.814531915421675 0.0
-0.1525855358745063 0.9083333984065587 0.0
0.7116055648715252 -0.22244576759703882 1.0
0.8410686624037162 -0.44562175068357734 1.0
0.3286623092323808 0.7195954334663304 0.0
-0.9418434891079581 -0.6330690561343628 0.0
-0.9969620271963373 -0.5361133254782162 0.0
0.6293727249418031 -0.3857500616400862 1.0
-0.42333514784512705 -0.41229156685967805 0.0
0.12453661952784856 0.8499322516519918 0.0
-0.6571166459109552 0.36351445422353157 0.0
0.43761195400444586 -0.6427081641548942 1.0
-0.4428861164152744 0.5564166056677051 0.0
0.2729374464011587 0.15253513844882716 0.0
0.46772102348646927 0.8407965307943157 0.0
0.13331917627015866 0.23602562460556054 1.0
0.6561271173242731 0.4674932070903588 1.0
-0.7087861688211097 0.3491660122489544 0.0
-0.6994184082770134 -0.2520945036591329 0.0
-0.04392102198612524 0.18764647848524807 0.0
-0.4533086765405334 -0.6669799858970178 1.0
-0.18230880622122836 0.05687191076179188 0.0
-0.7026293638373877 0.5833495455581044 0.0
0.7360731692842295 0.7828262444198681 1.0
-0.6747240011409115 0.3250187902152162 0.0
0.8583361374446252 -0.6962021316630171 1.0
-0.17275452004337044 0.8843314861278178 0.0
-0.3083355685399298 -0.6515047030938526 1.0
-0.9721643521208829 -0.15373024601511043 0.0
0.20688737127048018 0.9255231071228056 0.0
0.2894395232068958 0.4879530666495946 0.0
0.5255937002135844 0.19280500058356864 0.0
-0.6079893956677684 -0.08939272876911253 0.0
-0.41010032321189493 -0.0377673766852904 0.0
0.5482911405047803 0.6671402604284187 0.0
0.4229216889920626 -0.9879471476037769 1.0
-0.6339552363528658 -0.8147099226737229 1.0
0.9920710467316307 -0.7546852498376428 1.0
0.2974485116845562 0.39476465650623593 0.0
0.8190873640485246 0.617222571217513 0.0
0.2838690233043464 0.6797037218387398 0.0
-0.7080792553257369 0.575586939367912 0.0
-0.8771197853354111 -0.4750536896889406 0.0
0.9552700525250974 0.3558147163109484 1.0
-0.8845768599796133 -0.9609190509504095 1.0
-0.8153541325243101 0.0806348243467081 0.0
0.9197643254671046 -0.7915954706695605 1.0
0.5410855003124255 -0.9783857341407729 1.0
0.1506774205067578 0.8735729289384933 0.0
0.8893915857699943 -0.12436660048971393 1.0
-0.6701497554831473 0.30747952272861223 0.0
0.22471169234633348 -0.11565812938494258 0.0
0.037704583685310045 0.916076168419246 0.0
-0.47980272499087473 0.17633233833676742 0.0
-0.3355689314168233 -0.21802046776752904 0.0
-0.2496948101354477 -0.8390273532924415 1.0
0.7027542073941226 0.852013964313407 1.0
0.7712045740850566 -0.0032999965999618297 1.0
-0.05914818341069661 0.8602001941075919 0.0
0.24961584794950364 -0.9582448225212625 1.0
-0.16930359788953298 -0.7185026640233432 1.0
-0.9652705414358558 -0.3014911867598977 0.0
-0.24477210993666065 -0.04835139777401731 1.0
0.5313532937975076 0.32861406028826834 0.0
0.3183935091076222 0.0375501262112834 1.0
-0.5293133371479084 -0.4367658975818327 1.0
0.09538377392545883 -0.941861012660453 1.0
0.025463560663251616 -0.8664561521742498 1.0
-0.3223856512063059 -0.48440291247855205 1.0
0.6695532918725497 -0.4761542722957095 1.0
0.7430021014464858 0.4866743794916637 1.0
-0.46013538043423985 -0.5756100191435878 1.0
-0.3490955883495477 -0.6485648383564002 1.0
0.38292387390933724 0.18029066359799217 1.0
0.5123731030412599 0.013139449989066465 1.0
-0.29260828047973586 0.12011285407715011 0.0
0.3917933637419244 0.631018739295981 1.0
0.04229432158903634 -0.1760001915759064 1.0
-0.4834587173142433 0.45969408972141235 0.0
-0.9352619811013236 0.9856971291310657 0.0
0.7829890837609235 0.4274107570867882 1.0
-0.34579590806033966 -0.9566051603456907 1.0
0.8510006995198112 0.192133992648174 1.0
-0.4761752714853984 0.31233954627810845 0.0
-0.9300241203196673 -0.15069789276569434 0.0
-0.03933213498498089 0.3420017412878136 0.0
0.30982785055374773 -0.26555626998794546 1.0
-0.925702933848775 -0.21201139463197904 0.0
-0.6591146128242433 -0.6198840225758546 0.0
-0.39065137759310464 -0.5116156533158476 0.0
-0.1490609444322042 -0.9961455841737044 1.0
-0.008600757342557497 0.02861829996072851 0.0
0.1345355016764056 -0.4422263053493234 1.0
0.41962737721818266 -0.5294071091639749 1.0
-0.4759569774879888 -0.6844064577820965 1.0
0.8281304159762846 -0.3489671026442134 1.0
-0.7190091338457321 0.33583756456506775 0.0
-0.4591874181779694 0.4943470326770181 0.0
-0.2960169860424853 0.27869678454102353 0.0
-0.903637452750544 0.5444256904386608 0.0
-0.0394453611438319 -0.9938560593293873 1.0
-0.30772622072495825 -0.9424669291867904 1.0
0.8696781824071871 -0.9261541808683957 1.0
-0.5816133499312337 0.018132534032129444 0.0
-0.6019955662380745 0.7006694958153064 0.0
0.9571414924013735 -0.6358797026609808 1.0
0.4588876006454501 0.6351039722613716 0.0
0.9223139562492024 -0.3264548180144089 1.0
0.33922658923271287 -0.7727168122953603 1.0
0.03629041285084145 -0.26599412007840817 1.0
-0.7837448483779028 -0.536060543793264 0.0
0.14034254189644013 -0.43504711846617106 1.0
0.3552927393662282 -0.36041230078326225 1.0
-0.25478003784532066 0.8375552700420779 0.0
0.5840617778985675 0.7274894960692313 0.0
0.9920753164573992 0.4170971192195958 1.0
-0.005679847036370811 -0.6067975011635309 1.0
0.4563836840919506 -0.8848570699795344 1.0
-0.6483964038434193 0.07150883198286229 0.0
0.11723434221576357 0.9782556369950302 0.0
0.6532227216597553 -0.9778266404046865 1.0
0.1429254452610571 0.5473495003622337 0.0
-0.21784480815539853 -0.8057807971912399 1.0
-0.47691752579102564 -0.352059063686027 0.0
-0.9017436373025098 0.2555345304423997 0.0
-0.55649227663535 -0.3896468149406105 1.0
-0.5260847657078713 0.44807153025900126 0.0
0.6486923294760869 0.7009156443445603 1.0
0.060122596096036096 -0.6606002654545287 1.0
0.6493756780727247 -0.04220975825202289 1.0
-0.6851470549368035 0.9383951215031523 0.0
0.728235977941601 -0.7423381868301471 1.0
-0.017416431208645333 0.6482865704635798 0.0
0.7356141750471299 0.6675334339305086 1.0
-0.6161280912133298 0.02146955907157211 0.0
-0.5348251061731573 0.6981306800429625 0.0
0.3870377312726643 -0.8325126662618991 1.0
-0.2841085335755327 0.18057756862016072 0.0
-0.4812472238727279 0.4568097146446979 0.0
-0.4016484340883608 0.2752328798589425 0.0
-0.07162096712791999 0.028074732983902617 0.0
-0.3539940944643454 -0.7459462932156098 1.0
0.3335785505100113 0.8769521943422998 0.0
0.9856400099373392 -0.8218634944623697 1.0
0.9203122113147959 -0.08883902234868879 1.0
0.4918573060964502 -0.08049032888628549 1.0
0.4122112929656281 0.29656320388817514 1.0
-0.9459997246812675 -0.8432408215051357 0.0
0.491579959299955 0.35994918818678157 0.0
0.5044308098622523 -0.9532845515444928 1.0
0.48965326740368753 0.20098510122831037 1.0
0.7642071242645132 0.09117223410775122 1.0
-0.22339574176391896 0.46592778723843 0.0
0.06532504282379614 -0.3494070380668204 1.0
0.14113929541908643 0.6187699650676024 0.0
0.9896154162433475 -0.6004980550351984 1.0
-0.7471975563353226 0.628036592427047 0.0
-0.9835142798767802 0.9127606750001822 0.0
0.11342223001547747 0.2750471468425706 1.0
-0.43218543181363045 0.6950955380634689 0.0
-0.8972765551169866 -0.5475182173819031 0.0
0.9233767006072666 -0.022206591087455374 1.0
-0.0553844626040938 0.6481422249453801 0.0
-0.13829676385008605 0.5974594455745001 0.0
0.08471412430688896 -0.384772722057237 1.0
-0.8964776674205539 -0.7558608146493757 1.0
-0.8846312881698262 -0.7762283592309416 1.0
-0.6895611869055267 0.9066811739693716 0.0
0.3412188820626567 0.12229643893480668 1.0
-0.40957251618049106 -0.8919116126111015 1.0
0.8978691537041481 0.11288875665701226 1.0
-0.9638581409128903 -0.9833308954478177 0.0
0.03612312917915972 -0.4782224610795631 1.0
0.10404678346603546 -0.47001110825447556 1.0
-0.583156113263382 0.12308315556410965 0.0
0.8051755648149841 -0.5624796832839074 1.0
0.08419572441296608 -0.7190459074825322 1.0
0.7736177124561323 0.8867818409647992 0.0
-0.5179637766364369 -0.11747389040608325 0.0
0.4972830859897708 -0.890465494741467 1.0
-0.42905585969901994 0.6249607989304127 0.0
-0.050316898136498756 -0.13896905825063444 0.0
0.9946619808390622 -0.8776767262251945 1.0
0.4691729413922714 0.5677845481530552 0.0
-0.1458178271573154 -0.002759224868415844 0.0
0.8923441367508389 0.40174541396277874 1.0
-0.4258161056657239 -0.8968612732967514 1.0
0.7864333892427537 0.5858208254096182 1.0
-0.39452266302412364 -0.22987464014316328 0.0
-0.4854592100298103 -0.03968688160159006 0.0
0.7322373560444642 -0.04744092663081867 1.0
-0.04877054735402364 -0.7369079138027261 1.0
0.21933945173356406 0.34368719085153154 0.0
0.6162376623658297 -0.720244977589418 1.0
0.1652187317180629 0.23878325345995455 0.0
-0.04418358744523432 0.6664667530662658 0.0
-0.052154209223041814 -0.7296752037435925 1.0
-0.3474646308900715 -0.9507028894815595 1.0
0.5286973661010705 -0.663253635925164 1.0
-0.5077212514333531 0.43094922272747627 0.0
-0.8274128083963017 -0.9419688269196984 1.0
0.30257787845254747 0.8009893260909433 0.0
-0.42625442095972543 0.773485730734413 0.0
0.8565731348116199 -0.7490150606598278 1.0
0.04511242836484963 -0.6635147778935533 1.0
0.6593807514570769 0.39989692429692414 1.0
-0.05357953967413587 -0.8040824918669289 1.0
0.14388254984314996 0.38343088293546623 0.0
-0.9744494646994397 -0.9958090652535903 0.0
-0.9946471167518134 0.4001813651697057 0.0
0.7817346765826947 -0.4282260594181897 1.0
0.9635933523404283 -0.4785594963443873 1.0
0.826842204848738 0.3356606175312433 1.0
-0.5678997791068383 -0.0123541263688558 0.0
-0.38338868328980746 0.9926195117619014 0.0
-0.7769743661786634 -0.21714751231978835 0.0
0.6794265739941592 -0.6109548885631677 1.0
-0.2872012840624314 -0.8883653769092985 1.0
0.7387964761144274 0.9511146714907706 1.0
0.016887310321107796 0.796712120104319 0.0
-0.28910854797331487 0.7722584805111086 0.0
-0.43810953442079237 -0.7541338163917155 1.0
-0.49818751714070864 -0.793720501277021 1.0
0.8051091341314056 -0.5867807322034344 1.0
-0.10087007583861007 -0.7863815907563871 1.0
0.9417398847768339 -0.5291589544607744 1.0
-0.546160761487922 0.8568640686728308 0.0
-0.2415198018750362 -0.7078494732462419 1.0
-0.9747967935541293 -0.4989000542162949 0.0
0.5365556091682111 -0.511686337456859 1.0
-0.9552514335028923 -0.5766198835923271 0.0
-0.9602138392761068 0.45153014462587127 0.0
-0.12016757719997706 0.26027922978900153 0.0
-0.27290774422123376 0.5228865646592615 0.0
0.44125968584220954 -0.3151447588924243 1.0
-0.5649274289074329 0.3062507963632257 0.0
-0.2004681810220441 -0.4221575644211424 1.0
0.9180787347752493 0.7032694500733598 1.0
-0.8916981096726289 0.8101209070651536 0.0
-0.6078665102225944 0.5299788608404961 0.0
-0.7838740302950908 -0.3268300162533837 0.0
0.38279509615203233 -0.7903512790473954 1.0
0.7980534224313869 -0.3777111713865027 1.0
-0.04776932058372818 0.8712127673751615 0.0
0.07367011003785628 0.5904890603575701 0.0
0.5598901503759435 0.7244450634170949 0.0
-0.19475162922479394 0.22818716949401563 0.0
0.18372051493788621 -0.18029175888643434 1.0
-0.656937591350206 0.022893704110116042 0.0
-0.04126066183878163 -0.11048238810608813 0.0
-0.8648406585509123 -0.8151843077770513 1.0
0.6600285808366482 -0.8406023585601274 1.0
0.979110579079582 0.5592321792581139 1.0
0.058267199910378764 -0.2113512399305686 1.0
-0.6882397072633095 -0.5876580886971785 0.0
0.580098764466918 0.4504649889455563 0.0
-0.7690540453314882 0.8928621416187248 0.0
0.5818223033817334 0.3331855558676522 0.0
-0.8961989301902284 -0.16163205326741514 0.0
0.1478024430183098 0.49648767663876936 0.0
-0.08937503804172797 -0.4608313440166649 0.0
0.21882766659225128 0.6894681121475075 0.0
-0.42218394975553086 -0.09409583915655295 0.0
-0.23138674498817657 -0.8594835890756403 1.0
0.2499340046791989 -0.12672184969096056 0.0
-0.2772278894991722 -0.9413225998470935 1.0
-0.34498382284464 0.10890169998684351 0.0
-0.03024748070703054 0.48255913121760097 0.0
-0.8402812477281096 -0.7262443450550207 1.0
0.8662707704485046 -0.24824908465024187 1.0
0.8256950627804649 -0.27573711179077476 1.0
0.0004572115510992347 0.6456555959655881 0.0
0.6699233810081557 0.3046473736461457 1.0
-0.6708175442699418 -0.0944490079248288 0.0
0.9808351426310911 -0.26429796523514826 1.0
-0.7434495779775134 -0.8999689856921764 0.0
0.9082409194190022 -0.30549271491427543 1.0
0.9685988655408164 -0.03082922397854504 1.0
-0.6547526429668986 -0.3992774851889922 0.0
0.13923476159076698 0.23940463077438046 1.0
0.2024105920075765 -0.08676161422821194 0.0
0.5739764536761425 0.6174549875649018 0.0
0.023833630355116986 0.517993959109204 0.0
-0.5886724056371617 -0.30936950894252746 1.0
-0.7390825048102898 -0.43553164178267756 0.0
0.8173488733776701 -0.25734280086382455 1.0
0.3393345179432583 -0.8385686032653099 1.0
-0.12904355010064128 -0.3563854452967554 1.0
0.9438315388100076 -0.39780846263208125 1.0
0.333957668524981 -0.48842137520133155 1.0
0.5177459953475843 -0.996534922230051 1.0
-0.43246928349406266 0.9913776398365732 0.0
0.9392261369166404 -0.4353652836951203 1.0
-0.6950075990313116 -0.709233474253133 0.0
-0.43088181775021805 0.29380284161722514 0.0
-0.3773941933447056 -0.24223158776230602 0.0
-0.38711643290799347 0.9996293559674785 0.0
0.48309019492668326 0.853291995523138 0.0
0.27875297231021157 -0.07180897836379674 1.0
-0.8067576069069295 0.3917490938421455 0.0
0.15295641299873264 0.8148018113083693 0.0
-0.2768182794616958 -0.8438307819473261 1.0
-0.33077666325424837 0.5925401595488882 0.0
-0.4984328981062014 -0.32480639481556484 1.0
-0.3061193602757566 0.8011696266841664 0.0
0.673282963724747 -0.7889288728807995 1.0
0.0065954513695269945 0.12344534242391303 0.0
-0.9105792493137126 0.42156303541424545 0.0
0.9502328534441467 0.30556851817715014 1.0
0.24141012143260832 0.3650174882927679 0.0
-0.13458398800549154 0.23044445269962255 0.0
0.5753429637466678 0.04989180042740937 1.0
0.5428782689586675 -0.3039187530879621 1.0
-0.0045795900734890704 -0.04675661207577608 1.0
0.6580214714819475 0.09035068937757851 1.0
-0.30998803702923294 -0.6773888681778453 1.0
-0.9242476846342538 0.11917405023588734 0.0
-0.7044379755570069 -0.8031316672057245 0.0
-0.5073985486764858 0.4556357876623891 0.0
-0.024787030551511657 -0.7054570394414661 1.0
-0.5228262303735554 -0.09137848944676663 0.0
-0.6723022233248517 -0.07234051841700406 0.0
0.6029606834648045 0.1685157691978738 1.0
0.7932150592689691 0.17991896112427397 1.0
0.4984429655656697 -0.7761835821020355 1.0
-0.4068347299731485 -0.1306606898057563 0.0
0.48251039084264424 0.7048592737735961 0.0
0.27731487638919505 -0.894127126370104 1.0
-0.9401016446910813 -0.45491684156661316 0.0
-0.7372474917171112 0.7972476891227638 0.0
-0.43284820859888784 0.6549375078665285 0.0
0.07934917882317127 0.7930629649235799 0.0
-0.41180900934079245 0.25445803640089415 0.0
-0.45458340239042916 0.909057706977104 0.0
0.04675659389949449 0.6361017752392626 0.0
-0.28318938316951425 -0.4713185257812482 1.0
0.3260461157514125 0.1854369148774324 1.0
0.23287976507413588 0.36400191833642226 0.0
-0.888346025960598 -0.9814670254647679 1.0
0.6596262030662319 0.9627389725198363 0.0
-0.9033438059533461 -0.11523746257690282 0.0
-0.1772536882969311 0.14942084177046477 0.0
0.1333050623497931 -0.2992779248278452 1.0
0.7452120800270225 0.8325802714074995 1.0
0.6218366647603537 0.8853825035672487 0.0
-0.3358676846845665 0.39335372266091473 0.0
0.5516732768726078 -0.35552726141994273 1.0
0.13798018051598637 -0.45350878417319196 1.0
0.8810123366006282 0.5108341412272954 0.0
0.9555279903145304 -0.8220934301394252 1.0
0.3301526856991679 -0.8487684413779366 1.0
-0.3685648129317798 0.820369680206783 0.0
-0.486808434863506 0.2774484935515493 0.0
0.9884634272825348 -0.7104111574728593 1.0
-0.5004078227429423 0.1349092564030987 0.0
0.0929846249135009 -0.37397371983119965 1.0
-0.9768059960401265 0.5969040909894026 0.0
-0.423659721197968 -0.26902711534804213 0.0
0.27948241122151196 -0.8763022162805227 1.0
0.3299336729282243 0.21499057171444136 1.0
-0.32726730911038104 -0.3430892136243311 0.0
0.06536591291598048 -0.2157634304349434 1.0
-0.8126427257825342 0.41938938202983644 0.0
-0.28236704418364256 -0.22059527643497367 1.0
-0.7436253629474827 0.4679758477957052 0.0
0.6719823959043179 -0.004262888998345371 1.0
-0.45482833223068275 0.49476209972239493 0.0
-0.09423758227378531 -0.01977883551685311 0.0
-0.2573860572685889 -0.8432777688357609 1.0
-0.5412117012533619 -0.5799694532427127 1.0
0.09775676913545839 0.46281170367989133 1.0
-0.3440409294649729 -0.8671710028279043 1.0
-0.9547588861106184 -0.3841694634391808 0.0
-0.29847009028636395 -0.10957087694125422 0.0
-0.9375215409545841 0.48058584239164315 0.0
-0.8426249805811168 0.9535555023434137 0.0
0.5842228642182796 -0.1908429201588575 1.0
0.46309853410552093 -0.09161145115226788 1.0
0.8518268418619543 0.2566753331224114 1.0
0.5217132513015983 0.055203713439306634 1.0
0.792180349875004 -0.5085862051163046 1.0
-0.7042658673883151 0.3004970890778884 0.0
-0.16188950949773084 0.7575754930245282 0.0
-0.9072411468205785 -0.14462316145218201 0.0
0.3625097973878242 -0.02592756283457498 1.0
-0.9536205320450453 -0.770747864800402 0.0
-0.03591342109816664 0.8951247408312892 0.0
-0.6129491809964205 0.3710023978775694 0.0
-0.26362214197648637 0.6767119005479447 0.0
-0.48039285291975053 0.5790393481735479 0.0
0.19294528367460195 -0.8514271402802653 1.0
0.9307757318309706 0.09477310009884699 1.0
-0.0022003242008594714 0.4254107047298217 0.0
-0.8864416648556555 0.42018038468263974 0.0
0.44042712474971357 0.7107913290166854 0.0
0.1400349576959521 0.8696907351901737 0.0
-0.6215143486903942 0.4433850138258475 0.0
0.7630103299271012 0.2887050554185304 1.0
-0.9077716858590448 0.29998272309129126 0.0
0.4878613644086933 0.03626480721497827 1.0
-0.49137244411437586 0.9576311312126196 0.0
0.43850870084550286 0.5141250211184027 1.0
-0.8141706473576249 -0.3234945999591263 0.0
-0.5912306287917442 0.9489546706295702 0.0
-0.42564238174885305 -0.7116373486030483 0.0
0.8986500499317458 0.5471011863053805 1.0
0.6940020051778903 -0.7435566960121538 1.0
-0.1113337511930117 0.22669565454071283 0.0
-0.8647807824496132 0.9948574097123666 0.0
0.9868861784999574 0.6191119656002069 1.0
0.586350484120052 -0.6787643807709387 1.0
0.11503631417776661 -0.6716596667681192 1.0
0.7871793823903439 -0.1506832395391129 1.0
0.531291610689526 0.7468170013154667 0.0
0.8508534941193517 -0.5524214850059619 1.0
0.978583653269556 0.0929111892796215 1.0
-0.9635613990305572 0.7154326925382126 0.0
0.576242514785688 0.18889166963548853 1.0
-0.4550068336748878 0.5704316659555093 0.0
0.3129042405236977 0.898784944141708 0.0
0.5654426364740641 -0.4162090052373393 1.0
-0.2847500816810691 0.7102812872090003 0.0
-0.18593934745953122 0.5269767757869348 0.0
0.42491138537061746 -0.9498835281471223 1.0
0.35929693579596655 -0.6182720645733935 1.0
-0.0075786452704762475 -0.6996119122260132 1.0
0.5578256527644472 0.3639938206137492 0.0
-0.16646090630948795 -0.1856896599381086 1.0
0.7811142884838471 -0.7072451575859735 1.0
0.9361851989577281 0.01449503830857557 1.0
0.8833622566540136 0.6945992532617367 0.0
-0.23859601511991402 -0.8615955748779611 1.0
-0.7361671875193314 0.25003446330095747 0.0
-0.019196650041372276 0.8187888057664701 0.0
-0.9565895082016522 -0.4359095978414125 0.0
-0.5783415221442672 0.46883856093572285 0.0
0.5098774201835987 -0.9726984317184597 1.0
0.2647176309758881 -0.2488319695994854 1.0
0.5567529134144205 0.12124604289286411 1.0
0.18632015456130557 0.993404818916048 0.0
0.5495249810718534 0.15513405423815918 0.0
0.5893912308276121 0.04847097464664163 1.0
-0.3834373012920729 0.1230091583632944 0.0
0.6055039835704223 0.2396714066854373 1.0
-0.8914557986772926 0.47878962879293563 0.0
0.23789049855783562 -0.24962930864496635 1.0
0.0726692191827587 0.746055200761927 0.0
-0.25379479776633085 -0.2825485130487235 1.0
0.8133016483575306 0.06112961094236424 1.0
-0.9530779520265737 0.46361288389423017 0.0
-0.5679043228341243 0.8604249412498048 0.0
-0.11626914882919293 -0.35148051330379215 0.0
0.589022647257146 0.736249261530177 0.0
0.011456010846619291 0.8351717811510244 0.0
0.7146725981957296 -0.10793057305951836 1.0
-0.2243704794487047 0.8696775182391703 0.0
0.13952152321277667 0.15260473287907406 1.0
0.15987016806794663 0.9805762543071035 0.0
0.7280754918953067 0.7620077153518219 1.0
0.489541673678904 0.8433888870072523 0.0
0.49803273744141774 0.43270456861472706 0.0
0.3037077738695284 -0.6067773173847353 1.0
-0.879171776851464 -0.8415389606244117 1.0
0.5561052825423791 0.15946539264549497 0.0
-0.43483248760492654 -0.0969871380768581 0.0
-0.193679319597432 -0.28902029238551297 1.0
-0.5975432620578385 -0.011941225338221173 0.0
0.7854289456047481 0.28371239051342423 1.0
0.8871795041125847 -0.20641258217194292 1.0
-0.49529443304663046 -0.16455372005039548 0.0
0.5741932370833258 -0.43228833000525735 1.0
0.7736601184728411 0.18838503485449998 1.0
0.6415049379819147 0.45253315105481007 1.0
-0.1475711254221328 -0.7417505739958663 1.0
-0.019336370491728427 -0.8857385210671345 1.0
-0.17291440989997153 -0.8732473747966139 1.0
0.8071281944213464 -0.281486865563759 1.0
-0.32223127712370236 -0.39052933199830697 1.0
-0.7847704214695936 -0.1433881262409049 0.0
0.45321351230512974 0.7788790092248308 0.0
0.52772892918194 -0.9333542540466497 1.0
0.8899371770449578 0.10218234130132298 1.0
-0.5508209206028936 0.053166926941205395 0.0
-0.3760288027985075 -0.8981775956003188 1.0
0.7599269006999105 -0.6813301769747901 1.0
-0.9358618358513924 -0.4129582822861353 0.0
-0.5719341495751868 -0.06790646453979399 0.0
-0.6161889140235748 0.6803389464737195 0.0
-0.2944111063688972 -0.8175843998058028 1.0
0.2660987566640951 0.8901251382236706 0.0
0.8541553324204978 0.5374520036722934 0.0
-0.6712787685186556 -0.0152068232122482 0.0
-0.8398682163647169 -0.9406801107716383 1.0
-0.14090618162420454 0.44956085289895076 0.0
0.9031392417724757 0.3956610548713724 1.0
0.7431943955486997 -0.11204258673516976 1.0
-0.49312899871027205 -0.8565036960494115 1.0
-0.06283616061506536 0.7032727964008902 0.0
0.4494292748318556 -0.6908573880388207 1.0
0.816192877045631 0.18123005241081147 1.0
-0.07005219707627286 -0.4008499916790702 0.0
-0.9146771847123725 -0.004780574517119884 0.0
-0.7727177503237486 -0.7780670203699218 0.0
0.6441626503346223 0.2128265182799085 1.0
-0.07835146012331706 0.4134841882479021 0.0
-0.044306219574388184 0.8435870455623715 0.0
0.5860005587297816 -0.5297079694511602 1.0
-0.10126579954726678 -0.7944783542050535 1.0
0.28776281518317504 -0.9231566959525206 1.0
-0.7813044188101741 0.829585006587036 0.0
-0.4412759929924388 -0.607586511397483 0.0
-0.9102121135474268 -0.3310962438978833 0.0
0.4190179919224546 0.938767839566919 0.0
0.6182468041957885 0.8655493938855956 0.0
0.0733043812964107 0.9420797600925686 0.0
0.3963577395130864 0.742185324500241 1.0
0.17015015993638483 0.7830601833925541 0.0
0.2528364992296599 0.9033565151992697 0.0
0.7891329330383254 -0.27294365695787315 1.0
-0.8091119379185581 -0.8171007717619936 1.0
0.3635025730585115 -0.5794572828620002 1.0
-0.3212530353137617 -0.42173189897889984 1.0
-0.9298124739260478 0.15909019134279379 0.0
-0.8474861607692974 0.6692783723731437 0.0
-0.16463266294911172 0.7792741823660749 0.0
-0.7417600200920929 -0.7609352715452022 0.0
0.0957213342856158 0.9121781665181667 0.0
0.5695514901788863 -0.11040520275001908 1.0
-0.2148360347576821 0.535952318583073 0.0
-0.5938042626590738 0.9013702643782853 0.0
0.8216650714998577 -0.36173424608044935 1.0
0.9751034374798035 0.9764166285526521 1.0
-0.4929949113291745 0.9169746216063352 0.0
0.7786520119452822 -0.5369778439552877 1.0
0.6220189058923835 -0.8018203217369972 1.0
0.01083088377674235 0.12580037126539279 0.0
-0.4737483724495366 -0.009737434115344223 0.0
-0.9021124796308575 -0.019080217306328917 0.0
0.5741727328468513 0.2487252506771347 0.0
0.35053248278377525 0.24095865223021584 1.0
0.6699617907274091 0.7803928602725714 1.0
0.8187100423948763 -0.03370939917502325 1.0
-0.6347902288313314 -0.7197375031826347 1.0
0.18404407113770693 -0.6621325360693808 1.0
-0.8799380138880559 -0.562166811515562 1.0
-0.5457515125720576 -0.4304703057079131 1.0
0.02763231977743441 -0.16619346209732044 1.0
-0.2333918824463721 -0.03508073473875828 1.0
0.8464439262824286 0.4067286266265644 1.0
0.09102754449678163 -0.9442097268431915 1.0
-0.2999611371851325 -0.5515452274402084 1.0
-0.13808838968984327 0.7011617183424315 0.0
0.09784587799944844 -0.24588086029030487 1.0
0.9255698266381784 -0.7010336304562241 1.0
0.4689688109001471 -0.0006341566825176503 1.0
0.5440657543711009 -0.48251336538823186 1.0
0.1446535628341512 -0.267179195902012 1.0
-0.5231520537547392 -0.30582897059372427 1.0
-0.2615030075057885 -0.9498960419126428 1.0
-0.6823824191385002 0.4018158296331562 0.0
0.9086726508708933 -0.9084602944580837 1.0
-0.4877892375926991 -0.20174193105269733 0.0
-0.8703714435639396 -0.317330885046162 0.0
0.8067846095275442 -0.501793847558851 1.0
0.4436042979606174 -0.36556881736862334 1.0
0.5852898220801646 0.2646865788647361 1.0
0.4523119808753395 0.6864644985582571 0.0
-0.26278890271558386 -0.44602972639633953 1.0
-0.5555087036278377 0.2786017177072444 0.0
0.9408854739409596 -0.879784049298131 1.0
-0.6997039343506026 -0.3204877433455646 0.0
-0.16056698849815598 -0.4786624005253042 1.0
0.563046645801139 0.7373401465605414 0.0
-0.09749480522543452 0.4694819014244871 0.0
-0.49168250324274143 -0.9607573475656073 1.0
0.9728757369806471 0.5013904249590069 1.0
0.5387633020746729 0.9713693995396482 0.0
-0.5838667360601453 -0.05891983766830955 0.0
0.7684259117848089 -0.5069756473156786 1.0
0.5633176852179227 -0.5199888393583603 1.0
0.9002624640488583 0.5988875080228351 1.0
-0.5238328587092969 0.4797779972784342 0.0
0.36636540731207434 0.28583992458997876 1.0
0.868545173310447 -0.01587563312692275 1.0
-0.7978851652500636 -0.7780297651478052 1.0
-0.5912958356918638 -0.6301221699221908 1.0
0.41072345257277365 -0.6899076586694244 1.0
0.6545643410631905 0.6015260980880779 1.0
0.5038937859739578 -0.535769789266052 1.0
-0.8159375796391086 0.8500112724456974 0.0
-0.30771930573699957 0.8289355222796013 0.0
-0.849644339404168 0.4961154086358157 0.0
0.4908586166961162 0.6479780808415045 0.0
-0.24130895557165122 -0.855190403639766 1.0
-0.3438800925415191 0.5439417564230955 0.0
0.9705806929057208 0.7080126999422873 1.0
0.03625384460091108 -0.05047148836034587 1.0
-0.0563028147665805 0.11263450184263135 0.0
0.07825392240553675 -0.3362772377805523 1.0
0.372145488501576 -0.19243453614994 1.0
0.906314133961559 -0.9515315612595519 1.0
0.20325021767247864 -0.4576415954418449 1.0
-0.6963008623599043 0.052755497069287616 0.0
0.6345075632987514 0.6914460303119361 0.0
-0.2431365463679478 -0.9246854489954075 1.0
-0.341680943100404 0.701329314019997 0.0
-0.7431376075726783 0.042398368933083797 0.0
-0.6340124124504181 0.5036060035799246 0.0
0.9323479474131566 0.34049440168513745 1.0
0.5988852953497847 0.4590174524573918 0.0
0.8503652931304233 -0.37661823747083845 1.0
-0.3501652542516205 0.8129169919660812 0.0
-0.5587027713966102 -0.28637941415813994 1.0
-0.4912966454385288 -0.2016904657741012 0.0
0.5296713850846255 0.25267740419975837 0.0
0.6588379091426213 0.5508561891319028 1.0
0.756867430935654 -0.6067555954531818 1.0
-0.3107513890272011 -0.4399015171825855 1.0
-0.010065100526046589 -0.018892947833425433 0.0
-0.5948207282702935 0.8210021720508938 0.0
0.845767250690219 0.5974549792019117 0.0
-0.19193303599409872 0.429987854898479 0.0
-0.9191187547145019 -0.21277387721326568 0.0
0.22500256501802873 0.7400018161037643 0.0
0.9138543934699086 0.6842868596956022 1.0
0.4392519572164604 0.1839338841368523 1.0
-0.20046734548433243 -0.9188448377529288 1.0
0.8199316399691321 -0.4482424834755665 1.0
0.6289675560810792 -0.26781373445031575 1.0
-0.995897114849539 0.8564698227064043 0.0
-0.9367855515380175 -0.8870429643787925 0.0
-0.700265715476371 -0.2868436344337397 0.0
0.37345011459279553 -0.4340045151220753 1.0
0.06461804289419182 0.08911104891250976 1.0
0.3874975422463598 -0.32847781763885187 1.0
-0.7373110002310186 0.294591517744224 0.0
-0.6521862790636248 0.4272344042468432 0.0
0.5497602551773906 0.5818820047375248 0.0
-0.635374848715424 0.6812951348001977 0.0
-0.27079259147571877 -0.17632112274375467 1.0
-0.9957750407623036 0.2793933664705337 0.0
0.4082056626446855 -0.45774591645380136 1.0
-0.9247661340383866 -0.1445119750839785 0.0
-0.5860539261507036 0.6841036362347024 0.0
0.5295746945990161 -0.9448463389609325 1.0
-0.15311840992762926 0.7981852926510355 0.0
-0.030198577621134648 -0.36496895797632645 1.0
-0.2100251852139785 -0.4029896778831976 1.0
-0.8860855695496326 -0.2530273353184338 0.0
-0.8385260778879398 0.4110680717077124 0.0
-0.7869204280345823 -0.4274557438835669 0.0
0.11422376893932151 -0.054114766427667105 1.0
-0.3281642731188108 0.6267551771957396 0.0
0.25498194462493107 0.8297123907774238 0.0
-0.8746930699729936 -0.8823835088584389 1.0
0.4297308858293938 -0.43288464674966387 1.0
0.23143878345346547 0.6328907373986985 0.0
0.7918356105679532 0.05773250469129798 1.0
0.9575123718763507 0.348014445993881 1.0
0.4995081571281965 0.598991273401106 0.0
0.6930646992286127 0.8715175591614261 1.0
-0.6609564772804752 -0.5693668607561899 0.0
-0.2302129300407343 0.33119941987416546 0.0
-0.9145641490368053 -0.6420865549036765 0.0
0.2834810344392722 -0.8991635023148139 1.0
-0.32542351630237665 0.4497854272165196 0.0
-0.15949137015774073 -0.07639819771987022 0.0
