x y class
-0.690526502227556 0.5103614194700523 0.0
0.18656235314953462 0.7234035776508416 0.0
-0.8593702355343094 -0.39011521692213935 1.0
0.7813711965581744 -0.8201665698439564 0.0
0.5202594211017193 -0.12843358363959956 1.0
-0.5842471661588684 -0.27884564351280194 1.0
-0.8938742342440442 -0.46939375066477385 0.0
0.5455707466671376 0.7293456092313979 0.0
-0.8839727517967679 -0.14345054649701505 0.0
0.3170990848266517 -0.03439958448284863 1.0
-0.2577000545403991 -0.4794040441872376 1.0
0.6616321625855242 -0.8022910213334586 0.0
-0.05160889185400741 0.9600868818434776 1.0
-0.32516526094188114 0.12576192292862132 0.0
0.024533956240111676 0.4717885589400368 1.0
-0.41792644582705374 -0.37331791193966857 1.0
-0.7924412977246651 0.28343189378881206 0.0
-0.050649959280122614 0.19976510200651587 1.0
-0.07327139771400248 -0.14585298650658518 0.0
0.44762322174862934 0.6335799819558425 0.0
0.02171693181986889 0.845507674469111 1.0
-0.5644209424314071 0.29326732284893153 0.0
-0.16799198397891169 0.3419307819773505 1.0
0.9364899860036717 0.9507080331640885 1.0
-0.06916311445971268 0.9319003254257701 1.0
0.4399441624798772 -0.5654483079495065 0.0
0.8277705129551933 0.6411057905889956 0.0
0.9061244880316439 -0.14234093980585794 1.0
0.6857300924093439 0.4814870634499764 0.0
0.6822144657436335 -0.884403819961332 0.0
0.808457591714757 -0.22215744420199712 1.0
0.661613362030494 0.5557798098810895 0.0
-0.4917427280141402 0.04919936719191642 0.0
0.6454482738759997 0.47187920081348733 0.0
-0.44331730229901267 -0.5592440626676325 1.0
0.07154501778038824 0.8268656170700928 1.0
0.06964163418514957 -0.7944592028293715 0.0
0.1833229643693275 0.3125690927751452 0.0
0.37799069691603493 0.7245439602597536 0.0
-0.59045242229174 0.4662576323339471 0.0
0.8556356381490882 -0.4998602186499552 1.0
-0.22148130742671368 -0.6400629845561836 1.0
-0.779650127814628 -0.04362237998159335 0.0
-0.9843305013838362 -0.8692598172726032 0.0
-0.8288207047445431 0.5512554214653493 0.0
0.9362704347908262 0.791674661708047 1.0
-0.15097818138790764 -0.4532755291984012 1.0
-0.4410662585274481 -0.7950393692160664 1.0
0.7137084946195227 0.29125258014837674 0.0
-0.5421678557988618 -0.21070070833618804 1.0
-0.7398855874652854 -0.2844192144426092 1.0
0.3602675998647167 0.4464204193046164 0.0
-0.2530451920676029 0.09688844113296513 0.0
0.628210090196045 -0.2779326736283103 1.0
0.8287378869926165 0.15002766593765338 1.0
0.8786876443206213 0.6453747524852984 1.0
-0.9419216272375406 0.8258884971246259 0.0
-0.5215035541810997 0.9627443292583373 1.0
-0.790041735391871 -0.5501310313763421 1.0
0.4538170681494378 -0.8870534134488022 0.0
0.9813385277394633 0.16528108310085043 1.0
0.9318526512457319 0.9113435786507162 1.0
0.99127727351407 -0.43601975983521735 1.0
-0.504917368765567 -0.26315483964538977 1.0
-0.17840727856418592 0.9538743818431226 1.0
-0.5610301848915107 -0.6750529598053019 1.0
0.3438357241917962 -0.22476058242393626 1.0
0.6753945242919341 -0.7569165338614348 0.0
0.07004727234615049 0.5681206884589338 1.0
-0.8510003446714158 -0.3021049032857044 0.0
-0.27166721944017547 -0.03796001348055 0.0
0.5380496926242906 0.23855746127050348 0.0
-0.6206338530615481 0.1161288691141329 0.0
-0.4643055996816834 -0.2763564318603784 1.0
-0.07281571117092933 -0.1922325516380663 0.0
0.4683346514194344 -0.9585752281475086 0.0
0.9152935790592236 -0.21669505926085209 1.0
-0.06629092422737548 0.15561690222486457 1.0
-0.9810327176616402 -0.24562994999234178 0.0
0.48061935591999605 0.6518909445119354 0.0
-0.8488535431877129 -0.20163931464368212 0.0
0.5705883000051593 0.24136576494383388 0.0
0.7365645596649484 0.12088868161905952 1.0
0.9286543953625543 -0.7664592494052744 1.0
0.03087408584337692 0.04819953876929106 1.0
-0.9651572954191903 0.1029406632628529 0.0
-0.24139199950822365 -0.912754869294297 0.0
0.9642791845659346 -0.3031178175531437 1.0
-0.5397747770196113 0.7900116303704248 1.0
0.9990582403027419 0.0881247928373814 1.0
-0.7672057215660799 0.007194374580293816 0.0
-0.01175597824841601 -0.11373569197474898 0.0
0.6682160598176148 -0.1470893592480178 1.0
-0.9294580664677707 0.3492124254452609 0.0
-0.4758711010510073 0.9255263128046105 1.0
0.4589801012281929 0.938005440143912 1.0
-0.15648932881991473 -0.005766659965974474 0.0
-0.5045953707132611 -0.09423293288658496 0.0
-0.4480821171914142 0.9756888703828099 1.0
-0.5468747277116037 -0.7139979058532571 1.0
0.2727904048840095 0.6988729284009096 0.0
0.46314553763840194 -0.07936856762579603 1.0
-0.5305966690190114 0.22389298303659588 0.0
0.2502846939200072 -0.1904513784840216 1.0
-0.38847158771282664 -0.34314035526597686 1.0
-0.5094030580532984 0.3102064515496421 0.0
-0.01031197187403965 -0.2829579151448196 0.0
0.4487324666356496 -0.12041292855656671 1.0
0.12286781055197205 0.9180424939203864 1.0
0.998332428874918 0.7188865199927343 1.0
0.3263232300796872 -0.02912820034970265 1.0
0.8633120935602612 0.010171464003781105 1.0
-0.35271509867694717 -0.5404114972265865 1.0
0.6719368072810814 -0.6943184007168339 0.0
0.18644194909604206 0.8958932005052789 1.0
-0.3677659234745252 0.8185076428484859 1.0
0.840784377043329 -0.8747217234460949 0.0
0.27314524638461024 0.7522265633129708 0.0
0.5828978042368071 -0.12418677835571335 1.0
0.31680184134958456 -0.3067075148829035 1.0
0.6684811788445255 0.4034373609243007 0.0
0.08853160696506635 -0.9005495647808555 0.0
-0.2441704377254914 -0.11092790739410563 0.0
0.14932775736538506 0.012415131014944736 1.0
-0.40264825834776397 -0.12921234092498524 1.0
0.7309992417353675 -0.1450999543667688 1.0
0.7147019899679878 -0.28607258226980314 1.0
-0.12735936787965763 0.5304270738237757 1.0
0.6060170282873614 0.31104040535442 0.0
0.6014535330321691 0.8652509839976541 0.0
0.09780012108495995 -0.23957611160883796 0.0
-0.351548173214705 -0.779953319188379 1.0
-0.9294422691517208 -0.677511702821453 0.0
-0.18459297891321325 0.383041327062543 1.0
-0.39477066849132814 0.9219331077887072 1.0
0.964625558407646 0.4991531487702541 1.0
-0.16162890716750322 -0.13763346045227975 0.0
0.6510914532483367 -0.13039589969305676 1.0
-0.28913666586383746 0.48859871794676035 1.0
-0.15395053960566973 -0.6603067708675152 1.0
-0.5738252360332345 0.9789212836252192 1.0
0.017262682443894617 -0.0578445379493584 0.0
0.8279441478865921 -0.2693671247137974 1.0
-0.7793651208494072 0.2548058498001118 0.0
-0.30276172689369973 0.898617918766214 1.0
-0.8763615874485229 0.8659489507824178 0.0
0.7038318917811734 0.6710062580083478 0.0
-0.7407063819919055 0.30427614968608596 0.0
-0.8803476859027133 -0.12961337379007953 0.0
-0.053876820082361165 -0.2581702301038997 0.0
0.8971850471477723 0.2787845490645795 1.0
-0.7555271854495487 -0.046331129574966434 0.0
0.03346076794751829 0.7156796681121715 1.0
-0.5915203688024475 0.8194083286861176 1.0
-0.9946273584705665 -0.5438833652771737 0.0
0.8369848053884184 -0.44363887234529287 1.0
0.3625972542299225 -0.6431994312736127 0.0
0.24939995037617613 -0.3702100839407081 0.0
-0.2863480052987004 0.9486913542521607 1.0
0.6540545747781004 -0.0014290734094197788 1.0
-0.6291138914877841 -0.893040022798657 0.0
0.2696318294068265 0.31607820854332425 0.0
0.5298510244717849 -0.9782815297190335 0.0
0.002613921052646795 -0.3844172709323439 0.0
0.5122352656889608 0.28771516080653625 0.0
0.80575060705139 0.886963233910051 1.0
-0.046450519569007476 0.9042430465767093 1.0
-0.49515281551710655 -0.2323833028461224 1.0
-0.574855699388872 -0.31190090299178963 1.0
0.7351635924939783 0.7690679144987698 0.0
0.5955847065455673 -0.48271082501720963 1.0
0.6874228964377362 -0.6004000001176852 1.0
0.35680972439252834 0.8092963118127765 0.0
-0.11773859194672043 -0.6415270348976436 0.0
-0.7764099674352274 -0.49027978646612125 1.0
0.9034697572838333 -0.23141212366954322 1.0
0.5295612506603469 -0.903195256094774 0.0
-0.4911318866392482 -0.03438921525505623 0.0
0.07740680734573457 -0.1466415814469504 0.0
0.9433580078566028 0.35114077732848514 1.0
0.7108866379026342 -0.37414310994303324 1.0
0.10197221728966177 -0.8999868791303718 0.0
0.506786291675114 -0.10744452286731176 1.0
-0.7749412255295225 -0.35402663022838454 1.0
-0.049428706515301624 -0.5927815459989725 0.0
0.7762755647218069 -0.5469416660802537 1.0
-0.8822773450539736 0.38958331415059244 0.0
0.63859057038899 0.2792756242946992 0.0
0.08278522606614325 -0.34712702664116124 0.0
-0.6916538733396758 -0.631316942978964 1.0
0.6076278154344039 0.4184049301838033 0.0
-0.1097836819842195 -0.11973740427514867 0.0
0.5628360079385175 -0.8057345640403175 0.0
0.4596502956725774 -0.3836400292240618 1.0
0.8813256868582189 -0.7544316509377333 1.0
0.3031240744932495 0.9104870016396578 1.0
-0.8905764538231815 0.3810493332162799 0.0
0.25495560333792944 -0.8752875011691381 0.0
0.8150898277984051 0.6778417497268812 0.0
0.5193175736355216 -0.877533802671397 0.0
-0.06775798342130956 -0.17819570050326372 0.0
-0.13208298749994762 -0.7631713516057339 0.0
-0.8716294376791092 -0.7585640334445527 0.0
-0.008992786587979307 0.6453280673838087 1.0
-0.7807054241401306 0.54755913455827 0.0
-0.17766480026905462 0.45925913879894975 1.0
-0.17585048146511806 -0.9305058328248841 0.0
-0.11486494647222689 -0.644207323121226 0.0
0.07371293663402634 -0.5004843551194251 0.0
-0.6658206240117981 -0.9621466575775595 0.0
-0.06494353120661756 -0.5781145399688965 0.0
0.6808196304226946 0.8985203493995078 1.0
-0.17463939120433802 0.877180421006831 1.0
-0.7907516160821335 0.9289826791335074 1.0
-0.4424040556303537 0.11438785841709564 0.0
-0.35662062513766846 0.6085141344956377 1.0
-0.6185680361294101 -0.35389056834442134 1.0
-0.2700187230463986 -0.7419193021898929 1.0
0.06157687437612536 -0.416628664129991 0.0
0.06300677683247802 -0.897933150881272 0.0
0.47313173268157094 0.5399429964251012 0.0
0.5432929357708753 0.5410650247855722 0.0
-0.4368058233037604 0.9374869863092163 1.0
0.7710589666943177 -0.7891267714037491 0.0
0.28726294254807505 0.06318675040833943 1.0
-0.31972170114590437 -0.6240213460810891 1.0
-0.7633633094184868 0.5605735334117323 0.0
-0.5631667276750254 0.0018090860277444332 0.0
0.8928863149822635 0.786248312697508 1.0
-0.9621137829644191 0.34913571062789917 0.0
-0.17896047786842462 -0.9826223643037995 0.0
-0.1952595538745161 0.5412834085709668 1.0
-0.7057475699648297 -0.657194990547946 1.0
0.5234822101448964 0.16280020555493202 0.0
-0.31219264977556604 0.39402470029545444 1.0
0.9969804845607537 -0.23090667470446946 1.0
-0.0001006793434366049 -0.6687415831817016 0.0
0.8992067475328493 -0.0997723849035752 1.0
0.5313379055576959 -0.11221134788062281 1.0
-0.04552691106455886 -0.4568235201538178 0.0
-0.17794340726505586 0.6391125731950658 1.0
0.12244494219717361 0.41591176734339275 0.0
0.3821083878228777 0.27500051320560437 0.0
0.934157079464562 0.7790592702197345 1.0
0.3481050015584515 0.8923413286040287 1.0
-0.9252698633370919 -0.648708147772399 0.0
0.9377007766488299 0.3256023667217536 1.0
0.5378939184313944 0.11936384684074453 0.0
-0.32854362564233397 -0.8522369438431114 0.0
-0.4662988783407773 -0.6245037100773063 1.0
-0.6402803397743602 -0.7531331757623865 1.0
-0.9638165226127036 0.48888370191205466 0.0
0.9011942054911115 0.0631757299633906 1.0
0.04527394970641363 0.2440023627504473 1.0
0.1389925783452992 0.12706148119081773 1.0
-0.5528600658614433 0.12030207040564433 0.0
-0.24181289066091716 0.9869131103547759 1.0
0.852218538552725 -0.7651317923807304 1.0
-0.9982279026206753 -0.8867461779050356 0.0
0.9064795192001871 -0.8028814532782926 1.0
-0.48542814658376265 -0.5724483366835049 1.0
-0.32018625022818825 -0.048450693424684665 0.0
-0.04579225957131583 -0.3093349523879696 0.0
0.6551125761594578 0.025144544232437394 1.0
0.743346892221775 0.2702012313329645 0.0
0.9227062981498859 0.9687725905794924 1.0
0.33210176470994224 -0.19388014177156832 1.0
0.6792830754707684 -0.11378786550556685 1.0
0.992871713056535 0.11133902237789295 1.0
-0.340262506095554 -0.3704498348353342 1.0
0.4467643316467309 0.8335771116695796 0.0
0.24159734751590212 -0.9232703328032423 0.0
0.44310946694157227 0.756607621733993 0.0
-0.5899542511309648 -0.23279803027670964 1.0
-0.8572577511879675 -0.23768874573541776 0.0
-0.4628013159555804 0.6239960868159911 1.0
0.6807947615675165 -0.7540456930607793 0.0
0.6763416248152478 0.9644992207427838 1.0
0.04310461971778201 0.565885251454791 1.0
-0.5608963048911186 0.6650115962541261 1.0
-0.9574934330574678 0.45476270902828775 0.0
0.016678832889728712 -0.1721423484436473 0.0
-0.46463754537063906 0.6155773006642389 1.0
-0.4617675654916509 0.6491003071781118 1.0
0.1530525686778057 -0.9788633780104241 0.0
0.5081507068289988 -0.7220354858223652 0.0
-0.6058079786996708 0.28318641702710345 0.0
-0.43382327804994314 -0.7517835677938547 1.0
0.8768023681054753 -0.1253502009515166 1.0
0.8192462719935403 -0.01059857921576568 1.0
0.4028619248034926 -0.3044508288690331 1.0
0.09134965583006638 -0.1355599052076304 0.0
0.6855159801641084 -0.3141199475946628 1.0
0.2917618606625374 -0.311214590426361 0.0
0.8969647946563897 0.3020686024339092 1.0
0.4304659144086129 0.5785757204684059 0.0
-0.7354421130728246 0.14447471481237129 0.0
-0.660876158098102 -0.037736424085003106 0.0
0.4201590038606704 0.39081725892373775 0.0
-0.32486168428096684 -0.012928124620880777 0.0
-0.8452424745549911 0.5506927054378989 0.0
-0.037849396760084586 -0.8886160433000794 0.0
-0.5627823247815751 -0.18322590662224658 1.0
0.38065586584414124 -0.7291884153984818 0.0
0.8551301211646896 -0.5860779533386846 1.0
-0.6091526585377995 -0.44541665751480686 1.0
0.1704194167661981 -0.7367553565689988 0.0
0.9925929296193201 -0.1937487155781783 1.0
-0.6594051964540946 -0.5844641912542023 1.0
-0.12124252146843317 -0.4276949295800967 1.0
-0.26267658997561694 -0.42777007015186763 1.0
0.9405531742236666 0.4398175629934187 1.0
-0.4911853188367452 0.7208852334777038 1.0
0.1241170854357907 -0.4824769057823113 0.0
0.36604863379941976 -0.7406830962953883 0.0
-0.8514692434885278 -0.6250528653842125 1.0
0.8008945741913585 0.27499134704831985 0.0
0.8063862631734717 -0.30874776961397865 1.0
0.9158045466922162 -0.6967608996660806 1.0
0.603577748346735 -0.431944210602093 1.0
0.14011404369966907 -0.4883373571593168 0.0
-0.8534716960193951 0.028145121566483633 0.0
0.40070806331307285 0.6115903589080247 0.0
0.9081089228314052 -0.9671602473241885 0.0
0.9476844280677565 -0.8068050313446757 1.0
-0.886934851070349 0.9305481678206367 1.0
0.9768776840831608 0.2782520843689096 1.0
0.49970161662981183 0.8262521748094462 0.0
0.4153009873432407 -0.34539762415974984 1.0
0.2810646064898574 -0.13911970301551735 1.0
0.22441488399740273 -0.31265602144745874 0.0
0.4369480519123954 0.5825851357545213 0.0
0.18565168778220364 -0.6955414802745152 0.0
-0.47088689711853693 -0.8709116795284935 1.0
-0.13775995894270743 0.7431770899928514 1.0
-0.3147494137631974 -0.9613720162639707 0.0
0.5522357934869262 0.31536946626846696 0.0
-0.5044057054646469 -0.2444706908870431 1.0
0.6149637240906458 -0.27683388139569054 1.0
-0.3833777130980591 0.9428070986244919 1.0
0.685251442646966 0.5568593377513955 0.0
0.02032981115016219 0.37590017385491614 1.0
0.7792439428285156 0.8732291092805555 1.0
0.8041002411626748 -0.8119366207047518 0.0
0.43227394547978104 -0.010757923943787162 1.0
-0.7567974633870793 -0.34657968202430367 1.0
-0.12515615963643278 -0.8668277167767469 0.0
0.9432832821004165 0.6934040942928992 1.0
-0.9558788586538804 0.4036658453731288 0.0
0.08554967070520147 0.6065901835421947 1.0
0.26432708245606684 0.7805694601829241 0.0
-0.8985917501774991 -0.2295731357814328 0.0
0.7698522496488514 -0.36789541002185877 1.0
-0.1887263350882158 -0.38329397571706925 1.0
0.09518559905400448 0.15414784055811293 1.0
-0.9415232309421859 0.8087273326473894 0.0
0.9362057837213715 0.04139055600623043 1.0
-0.07967746426122968 -0.39382449248705886 0.0
0.9444346502799295 0.13700679545012084 1.0
0.7148058543221092 -0.5832334785020967 1.0
-0.633254971142764 0.11009669863749405 0.0
0.10731986928254678 0.6867186939648395 1.0
-0.6791626259927444 0.8501402749536047 1.0
-0.20106986822415518 0.2740469822895073 1.0
0.03350255993488571 0.023441149150634777 1.0
-0.04916422439027501 -0.8239519958307782 0.0
-0.35108094327608175 0.27826623805743433 0.0
0.22903017779830415 0.15371836422278906 1.0
0.781789184947105 -0.16093651300085154 1.0
0.1817793007224453 0.4442920696074961 0.0
0.30258820664187636 0.850970972420608 1.0
-0.5586113228876441 0.14756935711763797 0.0
0.3631440429911432 -0.7954527971862746 0.0
-0.6620454279234187 0.006000088542797544 0.0
-0.7976641930191397 -0.5339491015742983 1.0
-0.7791062681018479 -0.7600387645146074 1.0
-0.27651946083140766 0.5178124867440654 1.0
-0.49081713878256483 0.9589338916840204 1.0
-0.8533237424235296 -0.3490599388928901 1.0
0.7190390194362744 -0.5232544297748554 1.0
0.5326335455439772 0.4648562146933053 0.0
0.29732344724975435 0.23779947549032165 0.0
0.7263977180265824 0.30459961854296225 0.0
-0.11134053688213363 -0.8098907493602618 0.0
0.6720171381635045 0.7751415104682091 0.0
-0.9997478406506854 0.4867850117859449 0.0
0.22227155567270906 0.6149245148407816 0.0
-0.7857693972935025 -0.6155777907161861 1.0
0.4686966545547744 0.09310588442537004 1.0
-0.6160917212166555 0.43590271346280485 0.0
0.5122794917923776 0.5479888571405931 0.0
0.12075745175195829 -0.14874372792517554 0.0
0.3977896164199295 0.8494456148749194 0.0
-0.7493318031827871 0.46995855911969797 0.0
0.5779230998165084 0.46682215494430546 0.0
0.6291404787081099 -0.635849741330548 0.0
0.8005186389876227 0.07583191412842294 1.0
-0.6861841769093429 0.05970492260639304 0.0
0.15098167293025555 -0.3604255725112009 0.0
-0.47950513136789086 -0.3799052328772212 1.0
0.43087468674867235 -0.33899817857085757 1.0
0.4020942020454219 0.5475098999343435 0.0
0.09350118411206942 -0.18720675445320856 0.0
0.1252773074456328 0.8758149773684223 1.0
-0.5598067267017821 -0.41317408023812563 1.0
0.9309896395964647 -0.9951734783368971 0.0
0.9435958743894735 0.48708712198975124 1.0
0.1059881409320067 0.28903037296662437 1.0
-0.1679288274412285 0.7677689977016482 1.0
0.3514043568770857 -0.8692990793478388 0.0
0.38889857767931524 -0.5633629942054237 0.0
-0.6582070430566569 0.7848418228061613 1.0
-0.8289311848882794 -0.2267786329579904 0.0
-0.5950594340412523 -0.4388400368291734 1.0
-0.08642211295220181 0.09657914589203487 1.0
0.052076930108308384 0.5027354576970882 1.0
0.9903433030250137 -0.20673864222348026 1.0
0.116491820487165 -0.18160124261520316 0.0
0.24131966125590454 0.002532778762694088 1.0
0.2666224216022657 -0.49551002061696825 0.0
0.6151192591103611 0.09276899481089673 1.0
-0.8606289392040096 -0.417758279894209 1.0
-0.13188408559538933 -0.32987365054067186 0.0
-0.5349576714685613 0.14411741844464965 0.0
-0.45260030406988827 -0.8617967882506286 1.0
-0.8172625482638154 -0.44106183455636416 1.0
0.5073194195548847 -0.4915103072527496 1.0
-0.936001699824822 -0.8506888219869808 0.0
-0.03799934069640809 0.1873905660971611 1.0
-0.8499488553285335 0.7109208872663189 0.0
-0.3317041074703799 0.9260957656057585 1.0
0.46442930292948037 0.9581804589684932 1.0
0.0061896529212315254 0.763215385515079 1.0
0.3772845088302923 -0.01752734211252105 1.0
-0.36899776877102064 -0.44288917509556214 1.0
-0.5536946904073057 -0.4763301078688198 1.0
-0.40268693034320413 0.7945900205761018 1.0
0.3144344012213527 0.46319558415302864 0.0
0.33946347145504685 0.585058562055677 0.0
0.24442753455747335 -0.5648995844355977 0.0
-0.10434793586565361 -0.7952920397184455 0.0
-0.8976141200622179 -0.5857200729569259 0.0
-0.5655920856110277 0.4982729198499427 0.0
0.09664710009100919 0.0825241952108875 1.0
-0.15051274564407624 0.761672946603656 1.0
0.5133437870108817 0.9773769340605842 1.0
-0.5472790216183558 -0.935611854574546 0.0
-0.5397647845441809 0.5135156413463784 0.0
0.9439663839254957 0.27826066761807944 1.0
0.07105172628290646 -0.6149096770864109 0.0
0.9856112564069688 0.8277165308424239 1.0
-0.7776957928320629 0.3623533632183147 0.0
0.5742751869097305 0.07642982161191014 1.0
0.0718008382466424 -0.010987770615430437 1.0
0.18927391547106698 0.9534338959553155 1.0
-0.5836071145396688 -0.46490767965629787 1.0
0.24699603571484197 -0.45012162227361885 0.0
-0.9611314845392329 0.09785842167872882 0.0
0.15067184343576656 0.18563223727900424 1.0
-0.5546201087080245 0.08755315669996566 0.0
-0.4207937647112785 0.3712454178973321 0.0
0.05149007992850385 0.7692655683899059 1.0
0.4486012254682874 -0.2430854362401902 1.0
-0.06424048897853218 0.8125227772610009 1.0
-0.6198725454512659 0.2906875655305301 0.0
-0.8669397258861622 0.9498856739259285 1.0
-0.438948508267603 0.5343667032314496 1.0
0.291493859636178 -0.5527460679152969 0.0
0.09629640893203728 0.4562393131509914 1.0
0.7241616595447082 0.997160519686749 1.0
0.04563615533679899 0.6604482035360293 1.0
-0.5805366903528253 0.20497854549328243 0.0
0.8299270019920089 -0.8490092981471125 0.0
-0.33353404342857584 -0.499729405992122 1.0
0.3220847080874376 0.5205565008083504 0.0
-0.749892440620822 -0.8967866237542925 0.0
-0.5621800626730178 0.36734388705061094 0.0
0.44910882385102324 0.8596630199713369 0.0
0.988496586802375 -0.23689656503328993 1.0
0.9325353009913622 0.9826337252060895 1.0
-0.7595602310038738 0.3754033912383983 0.0
0.32362820482388366 -0.9312131948649833 0.0
-0.2422475237615076 0.1582977299293098 0.0
-0.9923865809278212 -0.3600417202047763 0.0
-0.29921211825382854 -0.05741510044350484 0.0
0.7879119391879688 0.08196884313663211 1.0
-0.1833988182172226 -0.2304002688689033 0.0
-0.5523097073363086 -0.38264111549393953 1.0
-0.13146845539667584 0.5625138235821061 1.0
-0.5018595322459602 0.8257280616428473 1.0
0.36834334695404447 0.1588815861509485 0.0
-0.756557274415512 0.30584429387849443 0.0
0.015515970781152078 -0.7192367647340869 0.0
0.7139065820181056 0.0689108850290745 1.0
0.6083291080954929 -0.49978685167403647 1.0
-0.7676605396490126 0.6244521796648979 0.0
0.8678422546561879 0.4086305122745002 0.0
-0.12428827130319142 -0.16313965576145484 0.0
-0.030385983554754414 -0.9687090374463696 0.0
-0.6633212280016942 -0.5568330780482007 1.0
-0.0886080026683762 -0.4390932411947768 0.0
0.19813782168423 0.3908677960185114 0.0
-0.15627967841404566 -0.7480511810004993 0.0
0.025334168085439535 -0.24352406529045734 0.0
-0.9791753061071089 0.7317053111304135 0.0
0.13295669866745374 0.4071520658150658 0.0
0.05320836354689651 -0.10445823009727095 0.0
0.97624063114558 0.1857323400938462 1.0
-0.46830060621131353 0.9877815932160006 1.0
0.786502862457245 -0.3572328231903332 1.0
0.4869663693137196 -0.6541907253555095 0.0
-0.3618200578632056 0.9850380789947406 1.0
0.2329823974600589 -0.664468124996658 0.0
0.5642832602224446 -0.2485627023658994 1.0
-0.1678867776458668 -0.23613804440795438 0.0
0.8525559927508659 0.6576516068151579 0.0
0.861395635013765 0.4563078833458567 0.0
-0.19625813874999798 -0.8943435183222666 0.0
-0.21773170678785392 -0.41950630700277336 1.0
-0.08750715573126988 -0.99262163605025 0.0
0.7451197703115422 0.6107508586361401 0.0
-0.7759148649327425 -0.888109110267008 0.0
0.8623140272239103 -0.43655479501114747 1.0
0.2738512756343525 -0.8943849889536466 0.0
0.13556192531738143 -0.031656323933470176 1.0
0.36713717842287563 -0.3793011530360777 0.0
0.7876751281730063 0.1297284174686517 1.0
-0.0045106707425852655 -0.9458864305454049 0.0
0.9977525626722772 -0.30385373510173364 1.0
0.46736937775106036 -0.886518542304541 0.0
-0.6693610839231474 -0.8429210593632381 1.0
-0.2556712058770847 -0.4267947670812893 1.0
0.17347754292125472 -0.0653637706767396 1.0
-0.697376563574372 0.26374395329939326 0.0
-0.6490981925123593 0.19722119817793815 0.0
0.5571666099697865 -0.8905212944036276 0.0
-0.09426500281032224 0.06666259860499735 0.0
-0.7699628316673948 0.8295836368388796 1.0
-0.42240669702619127 0.4186407001828818 0.0
0.7659586418786206 -0.5742436749330126 1.0
0.46673263491535466 0.8877247781308781 1.0
-0.07380141359060466 -0.4676318083041784 0.0
-0.9477506304227861 -0.9394274225761898 0.0
0.05793845506467199 0.7996224817129183 1.0
-0.7947195052791025 0.10803922830582557 0.0
0.8778467567085932 0.10010585483639423 1.0
-0.783297272477864 -0.9981469392849056 0.0
0.3959797274646406 -0.5722871422611011 0.0
-0.17764056131913253 -0.9392769535429644 0.0
0.5736859115010338 -0.8524945041240022 0.0
0.2036807313376685 0.6433000861582692 0.0
-0.4020345952526929 -0.45453164313354866 1.0
0.32956352254207943 -0.9825491532299715 0.0
0.581042498291714 -0.7337714931195936 0.0
0.5385950242502129 0.7298672774404655 0.0
0.9936427825969518 -0.35412232949409983 1.0
0.33559351928769265 -0.911356689921542 0.0
-0.5763215452224419 -0.978826680301913 0.0
0.5649534726129559 0.4668535874649742 0.0
-0.5235806808410317 0.2321599460517043 0.0
-0.813294421107333 -0.7612711919680892 0.0
-0.9958090049740853 -0.04487508507937177 0.0
0.03486958471134072 -0.07188491941307529 0.0
0.02423054789872081 0.6789252896649576 1.0
-0.1467137136436767 0.8347835404285364 1.0
0.8568128418384835 0.7463294045244102 1.0
-0.2287762949700567 0.15208198484413704 0.0
-0.21477831298581318 0.5017281842819794 1.0
0.02462831950309341 0.6793861389733851 1.0
-0.17866821965299917 0.15040910398219087 0.0
-0.8809311237955206 -0.8182264331080851 0.0
0.8273180163924365 -0.5149602254442853 1.0
-0.005509128417372944 0.7074990725531913 1.0
0.9010366651505011 -0.16355418457276905 1.0
0.744217019823824 0.7743624935737836 0.0
0.7159996659550174 -0.5396337125343631 1.0
0.225801337910581 0.4535075828010029 0.0
0.9194131371980194 -0.7535080358894934 1.0
-0.7609826405357416 0.5529042231122063 0.0
0.6843798201696103 -0.7904650765178849 0.0
0.2657696651914574 -0.7942027045031628 0.0
-0.7797441137033221 -0.7092394834021787 1.0
-0.07124798393664777 -0.9605152712174576 0.0
-0.6026976977601761 0.12996205694602958 0.0
-0.3655614561192915 -0.9055976077379628 0.0
0.612603205642877 -0.23002728086867186 1.0
0.45196902623595925 0.5692368891782054 0.0
0.7302839639191829 0.25592222855775804 0.0
-0.8918078605116722 0.5942745733817645 0.0
0.6879744566161181 -0.24122229049860988 1.0
-0.19167919866694438 0.3177111380411499 1.0
0.5900953738405368 0.5573113394219582 0.0
-0.6333804403381291 -0.6191934000904713 1.0
0.4270472829322376 -0.19869098371699478 1.0
-0.3901041163315859 -0.6853359992368435 1.0
0.27602619474484014 0.9551678490437552 1.0
-0.8988784126679015 -0.739597079351703 0.0
0.07337411528183213 -0.4708835159033282 0.0
0.492797071356857 0.5892585618576278 0.0
0.04803796803310445 -0.19608429076210965 0.0
0.3883477990342121 0.7570059604875705 0.0
-0.9871903419192354 -0.7456456576214514 0.0
-0.9631202670826735 0.5553037594316401 0.0
0.20823101083026163 0.32750489259047133 0.0
0.720728590646964 -0.6170378510805061 1.0
-0.553867865940447 -0.4521128568201973 1.0
0.3161204199296419 0.005949938422998846 1.0
0.16632065706604116 0.5435843477827438 0.0
0.03728494472019772 -0.9682200083039243 0.0
0.2581583978664721 0.08036317784774738 1.0
-0.4766262717192973 0.3930991496275007 0.0
0.8448333870682274 -0.1477184647056169 1.0
-0.8996181195878534 -0.3263791124570592 0.0
-0.9653438270153918 0.6503871295353769 0.0
-0.8636548110189781 -0.3803711939540799 1.0
0.3980124470256703 0.12866540529720338 0.0
-0.5079034131967226 -0.6468875466017023 1.0
0.19929492314046726 0.4182002526312938 0.0
-0.5254000475409402 0.7377604735020773 1.0
0.34336876711321507 0.6926936228892384 0.0
-0.8015950256233473 -0.3662947699557002 1.0
-0.9597663307054498 -0.45080270228042263 0.0
-0.563866412847841 -0.08899342312144087 0.0
-0.9159387010917788 0.8502685445289213 0.0
0.3865653656875052 -0.8307290464944967 0.0
0.9988599988148976 -0.5418898837863464 1.0
0.7681230464301219 0.21764935502758753 1.0
0.46228511863768706 0.19915449542712893 0.0
0.48844132270171015 0.4643855498679692 0.0
-0.7588287454403377 -0.5875606485731613 1.0
0.9801372012338303 -0.5588425096965997 1.0
0.3101966661599316 -0.20364025062933555 1.0
0.7527278754669262 -0.31737391736909215 1.0
0.2142757873014689 -0.24573811128846978 0.0
-0.7574304971413415 0.4536309493854762 0.0
-0.48521442635157186 0.44399676367740626 0.0
0.2514005114598652 0.9248419528637579 1.0
-0.0640386562876798 -0.2310817308560431 0.0
-0.9980830833958958 -0.3353291344755127 0.0
-0.7161664315404626 -0.9830302138049487 0.0
-0.97870579806695 -0.774817965978633 0.0
0.17438572887779324 -0.6399746388543859 0.0
-0.6290148455194671 -0.012417429223893661 0.0
-0.7025573721078231 0.23880362184232484 0.0
-0.12261538686324513 -0.9894783069833915 0.0
-0.47831789762044563 -0.06497618812739225 0.0
0.18690693679370374 0.8334177521274493 1.0
-0.8432822052211177 -0.026133472572259064 0.0
0.38526386847521943 -0.5712462760757719 0.0
-0.5828050427191367 -0.9037846162732084 0.0
-0.06025217662836502 -0.5521736582079131 0.0
-0.7157259206438904 0.8734169410863837 1.0
-0.2189949156782096 -0.8638892536419576 0.0
-0.32572369149778035 -0.014347460291149972 0.0
-0.3943787141155206 0.9417800665651079 1.0
0.4431723605456419 0.5101949982128147 0.0
-0.828177856545435 -0.13991147985190255 0.0
0.05661220228983743 -0.8534202707261511 0.0
-0.7301047615307812 -0.9131747609325125 0.0
0.6781115522301495 -0.9410667443866114 0.0
0.5616150538187037 0.8377829541027937 0.0
0.24852259623748996 0.9614985388608546 1.0
0.40680748133709677 0.6127362096417444 0.0
0.22313291075968245 0.9493348131289792 1.0
0.35662257995942026 0.16510594531664635 0.0
0.9895507339617589 -0.618268347416246 1.0
-0.747380774648098 0.3660743077119881 0.0
-0.7530785171478231 0.4907532151741938 0.0
0.40772368199431375 0.6971328911488306 0.0
-0.8897242140495627 -0.5629258320404247 0.0
-0.23800049938217027 0.06640713989533475 0.0
0.1818956711715345 0.33999854940189955 0.0
-0.3205078328588984 0.597315218191689 1.0
-0.8649254007117804 -0.6493844331697947 0.0
0.07695155326710346 0.36667583267841475 1.0
-0.9852485192118117 -0.1259128239113514 0.0
0.6054486379433475 0.15144349131225887 0.0
-0.3502635330687398 0.06200862323618095 0.0
0.20155875939295487 -0.9560683045075855 0.0
-0.4370163353975729 -0.5942678440269342 1.0
0.7380129120186985 -0.11674379417513392 1.0
-0.4626638041261122 0.8025759761894635 1.0
0.5653778426780951 -0.71763724420867 0.0
-0.9819698516693498 -0.9002428053056235 0.0
0.42614772807616297 -0.941012212551326 0.0
-0.17578458267160846 0.028071528388747824 0.0
-0.5188123301958572 -0.01067125756737175 0.0
0.8773041639448378 0.9807056941310877 1.0
-0.7358306913103385 -0.33248300821638077 1.0
0.6486408276935733 -0.6316100305583927 1.0
-0.0555729159156404 -0.14953084457339805 0.0
0.5728491558138311 0.5071867959514689 0.0
0.6924676617365921 -0.8300624010409554 0.0
0.47625552423770845 -0.8551977989892114 0.0
0.22603589992592998 -0.9590011324319923 0.0
0.908731721033303 -0.407640249931555 1.0
0.22368221030547297 -0.027973720727308526 1.0
-0.9265204954631665 -0.7876019432168719 0.0
-0.3524976127891366 0.4175176257961988 1.0
0.31664095324430774 0.9351124401895345 1.0
-0.7196338804879752 0.25084944157554245 0.0
0.10963940941053796 -0.4349631411682926 0.0
0.015950092313098407 -0.6628241706203064 0.0
0.1699263917926217 -0.9607200492025911 0.0
0.012868657380812332 0.7176616077649145 1.0
-0.07216857188525894 -0.4428492474462602 0.0
-0.0042281204957528296 0.6187218518199644 1.0
0.206570930357177 0.11546251927571216 1.0
-0.9345589520940001 -0.4135522726751937 0.0
-0.7228062349456517 -0.6283616931485512 1.0
0.08521009616457409 -0.44932991554721835 0.0
0.5330637110628631 -0.15294909296210513 1.0
-0.44745478387449666 -0.3777435094656074 1.0
-0.4606290232103616 0.6934317912133066 1.0
0.34971387427056366 0.4986429695613399 0.0
-0.3120718543127079 -0.6789403285875981 1.0
0.929206408609599 0.7057874467924772 1.0
0.9698378890685451 0.8493324025678577 1.0
-0.9098403445975083 0.3760433244886685 0.0
0.16402949107074116 0.1898030988540429 1.0
-0.4264953702544274 0.6240541583240926 1.0
-0.3400824649534715 -0.4010960246477071 1.0
-0.38502639709074704 -0.886657150846657 0.0
0.19398335621725638 -0.09280228044784966 1.0
0.5365509620509337 0.4209326744130184 0.0
0.42984721383813285 0.09381576212831866 1.0
-0.5752398468955926 0.7479833301722292 1.0
0.6384466234267889 -0.22148235002492922 1.0
0.8306403604793391 0.6296935147796667 0.0
-0.09632247798581561 -0.8131429700083239 0.0
0.6537705393781263 -0.7485834581335584 0.0
0.00824756292953488 -0.03853811201649293 0.0
-0.9227615854660787 -0.6254329690197007 0.0
-0.7631918203215955 0.9722263545386234 1.0
0.9314678584179026 0.9620891821307787 1.0
0.17775505812132653 -0.5774159060597746 0.0
-0.20727083986505357 -0.812365191658929 0.0
-0.23985518549959162 0.37595403021088525 1.0
0.165491917805358 -0.10912752406292481 1.0
0.43024061579084183 -0.4940717662644416 0.0
-0.9784984755826587 -0.9601241412789725 0.0
-0.8658648307651704 0.9632956717632171 1.0
0.9204860598315141 -0.23186056658244092 1.0
0.978609284433744 -0.31002173685346035 1.0
0.25292185013150226 0.3897385445260284 0.0
-0.7594690960729713 0.7807877213366392 1.0
-0.6721080299833104 -0.2845842034461963 1.0
-0.9755302254974725 0.5743429939154152 0.0
-0.7392981923507889 0.7653843899323072 1.0
0.779098885584321 -0.962280705798882 0.0
-0.5226267899025523 -0.8978929435267231 0.0
0.14511386329167664 0.1664542606752819 1.0
0.48866033756553295 -0.11846916827258136 1.0
-0.7703897674667843 0.1838565682405262 0.0
0.8196631042878662 -0.8913033737243288 0.0
-0.52262528781021 0.24348903068167926 0.0
0.5846312779567533 0.021473650110403142 1.0
0.45999660568864 0.526898626002863 0.0
-0.30461899759511013 -0.7453148023411789 1.0
-0.5887304860433864 0.20632933299324652 0.0
0.4558410331187701 -0.998936675955139 0.0
0.08466846180057885 -0.801193029074428 0.0
0.49132312013482715 -0.24301276341091294 1.0
0.7297779432951403 -0.5457608166133052 1.0
0.9862711131967896 0.013065059118494649 1.0
-0.18177912334256963 -0.6274666788914198 1.0
0.571506674400196 0.8614213605488878 0.0
-0.9699121351323974 -0.8101311979223125 0.0
0.02803650582737971 -0.9111829237426543 0.0
-0.17124009897795478 -0.7162828602113218 0.0
-0.7823478779331119 -0.5530804203256903 1.0
0.9888011161112498 -0.6988678084836446 1.0
0.04770900335709238 0.27571272463550023 1.0
-0.8497682009313192 0.06357326484660031 0.0
-0.19141470077342593 0.6252806617915081 1.0
-0.2916340610442054 -0.9036272035372883 0.0
-0.6102438724054133 -0.7974049269462291 1.0
-0.07795712628095752 -0.2655003199582924 0.0
-0.8434651926738947 0.733097678112079 0.0
-0.3751333063296991 0.8653072881312878 1.0
0.31687330701182836 0.8698312907878838 1.0
0.842016534110922 -0.4437285252259593 1.0
-0.8977774043036455 -0.24331758313734975 0.0
0.6914396436791512 0.37970162402583285 0.0
-0.5484362589572727 -0.8501791294745016 1.0
0.6471753652895256 -0.7903941151476712 0.0
0.8641352893170362 -0.15327821206819703 1.0
-0.12336116016965915 0.2565103667115183 1.0
0.49985481017013966 0.21917996308792764 0.0
-0.35830313728218144 0.040558768480320806 0.0
0.028154961874053752 0.15286038959274495 1.0
0.38084430268330793 -0.4834531709503669 0.0
0.6273953023476531 -0.2599364319905042 1.0
-0.6319194590136872 0.22412030001013394 0.0
-0.3877020699888847 -0.44126368825850526 1.0
-0.26257555976393765 -0.9940603953034193 0.0
-0.9097205279153415 0.3371874581447527 0.0
0.530099983883672 -0.5998549898571359 0.0
-0.9747045263052336 -0.2888009905150606 0.0
-0.21601550390075053 -0.1433856794732704 0.0
0.6214820498463378 0.6278028977484811 0.0
0.542293487519105 -0.9675315669355649 0.0
-0.20549981729969868 0.9180357839440128 1.0
-0.40556798680250683 -0.42576836534235785 1.0
-0.20907672549063894 0.5049615116959838 1.0
-0.30804955405490864 0.6105326039495749 1.0
0.6235992967767083 -0.6197020058735034 1.0
0.6732961554276711 -0.5217126590619883 1.0
-0.9968269885548564 -0.15757791019700695 0.0
0.3833555388097276 -0.3444616866688026 1.0
-0.9116354685593351 -0.8464045330294638 0.0
0.838502876561181 -0.15785730582094293 1.0
0.05657236400314569 -0.7187975466337224 0.0
0.09327535014531363 0.20746271755904644 1.0
-0.2283534033495045 -0.49225593656662503 1.0
-0.16272336844100388 0.21470580854035815 1.0
0.22311636074327423 -0.722331691661191 0.0
0.5005708079993894 0.5798067025800837 0.0
0.15512167857936476 0.0016496250729816087 1.0
0.5104014759400071 0.09624201989359626 1.0
0.19368516688388304 -0.9407554510005123 0.0
-0.44080827621478 -0.9507250793240012 0.0
-0.6964213488895539 0.4426728344691644 0.0
-0.7554178970592649 0.8062875549702178 1.0
-0.031632202644114704 0.70619057833781 1.0
-0.29996056102496893 0.15050823249065082 0.0
-0.523879740644071 0.28770471063174385 0.0
-0.12446287539870271 -0.5532189698351309 1.0
-0.3226704565995928 -0.4082173729202654 1.0
0.300149076398746 -0.00896211048647877 1.0
0.19304055303275036 -0.5815758505018878 0.0
-0.8106320663533562 -0.1297449982903538 0.0
-0.7196802232372999 0.8083653126875348 1.0
0.46617026113951554 -0.7982703959685875 0.0
-0.47017648745851703 -0.8858147306495778 1.0
0.40093135397602375 0.8001973797327329 0.0
0.11618922427651213 -0.1479556256177974 0.0
0.29058794459406445 0.45925928068405275 0.0
-0.4539227797996439 0.03401154810932172 0.0
0.830212269415558 -0.07125839205702111 1.0
-0.33548592822115464 0.9102839524437045 1.0
-0.4023887596466009 0.31024151751325335 0.0
0.23546880676493487 0.1303209270829513 1.0
-0.011924614612454087 0.3930049755564913 1.0
-0.4377772556334403 -0.3490911948151221 1.0
0.5175055892726295 0.18371629637077058 0.0
-0.36202353232891427 0.2733947102221037 0.0
-0.7875345561044371 0.9413637067317944 1.0
-0.6480834996540634 -0.440248626419542 1.0
-0.15173069348311152 0.2753133553152134 1.0
0.007126815670132514 0.4326087887830541 1.0
-0.9429961592454199 -0.453169603540005 0.0
-0.7945114329373018 0.541385842471912 0.0
-0.42002951492392726 0.8117720403969171 1.0
-0.4049377344253402 0.5511893117011859 1.0
0.6496904832430759 -0.28760541349071156 1.0
-0.9474142577589832 -0.6390158756363464 0.0
0.3012166172995141 -0.34872542272703244 0.0
-0.33188898051978577 0.947192152082827 1.0
-0.48013503746055686 -0.35667386622033237 1.0
0.3986577645348348 -0.6012577010614657 0.0
-0.7819996339924435 -0.6706013578677037 1.0
0.30163292339493997 0.7524507420513222 0.0
-0.6591632556462557 -0.8827019553975697 0.0
0.8551865042479321 0.5834411703447662 0.0
-0.8740763787174781 0.04775461243302104 0.0
-0.49946243037250704 0.5956195453173456 1.0
0.6772400569763459 0.28447993760371126 0.0
-0.043792981083395244 0.9147183114412438 1.0
-0.5485184388805435 -0.8029703115463926 1.0
-0.6309280870199361 -0.34843898207187296 1.0
-0.16882957094473094 -0.34323878930143237 1.0
0.03514236885343647 -0.5985344611543133 0.0
0.05771870451295413 0.2881331773802285 1.0
-0.4857446413100668 -0.7668263114111664 1.0
0.18002242158126625 0.39089833623072634 0.0
-0.6628202278531636 0.35717054419218375 0.0
-0.7258927195735869 0.15503591715184806 0.0
0.04882959074439608 -0.9717199744789791 0.0
-0.47211445346135417 -0.3360579770311327 1.0
0.30453000317224466 -0.449838357034237 0.0
0.054466582095900495 -0.11840205880112609 0.0
-0.11985405111243841 0.6589831539383364 1.0
0.4018038955927703 -0.8334695563484442 0.0
0.42408092367139916 -0.36357150688370043 1.0
-0.22171769995057544 -0.7780041294891358 0.0
-0.7566401412347503 0.24070201449036577 0.0
-0.8938421641182113 -0.45734023309989036 0.0
0.4274370929318705 0.7804510386995758 0.0
0.30411098504731227 -0.08864385941798214 1.0
0.8673669380673605 0.5245520973453628 0.0
0.8409873862661574 0.22794547215265926 1.0
-0.7502854587917422 0.21164247207987108 0.0
-0.19591553591194755 0.19041579235449757 0.0
-0.10701248912563988 0.4151550221829663 1.0
-0.6163251725469883 -0.04203971351526059 0.0
0.3093191974421179 0.8787349823565285 1.0
0.21762351858935647 -0.25987761176995394 0.0
-0.24094000611213917 0.8448273145430889 1.0
-0.5455393116083873 0.1738870771156762 0.0
-0.577172162410813 0.4019611062426338 0.0
0.5498240447148783 -0.08231981485622164 1.0
-0.8179981780445835 0.15965140560742608 0.0
0.4361384065845615 0.9083885075458253 1.0
0.4400470767129334 0.8622384247592421 0.0
0.002314062859640531 -0.31985275876539077 0.0
-0.9922628388388246 0.17267957696762726 0.0
-0.036181335610402154 -0.8089448507702226 0.0
-0.16066469974059694 -0.22194083736210835 0.0
0.31168488922275395 0.5022141882066573 0.0
0.303683301622363 0.4691264528099306 0.0
-0.4793742752616983 0.8936769277278378 1.0
-0.13125802508298512 -0.0782105920695364 0.0
-0.4033380348435365 -0.0908792853452558 0.0
0.9836614831949078 0.2905139536405519 1.0
0.5191035591836664 -0.7700386828345858 0.0
0.7749433850880532 0.4372489221266693 0.0
0.25065142772789706 -0.5868134312180291 0.0
0.38597090989933314 -0.48431561213543883 0.0
-0.3081561714586627 0.2910449891582185 0.0
0.5432783220539954 0.27420144117390644 0.0
-0.6301493448708013 -0.7670490319138212 1.0
0.685128381668592 0.11117406586272716 1.0
0.15119884488091673 0.5571893879901444 0.0
0.045186369962324946 -0.3151925980434753 0.0
0.32559405284195986 0.19054971199424964 0.0
0.7623741274897797 -0.6314361698904896 1.0
-0.09395590686475863 -0.5151510949895359 0.0
-0.363047007367826 0.3853914543300585 1.0
-0.7148609881880592 -0.40281541571053125 1.0
0.253308973983591 -0.08273496174073802 1.0
0.0615646240307155 0.4885500816345567 1.0
-0.26539079877431915 -0.34180724830369913 1.0
-0.7447123609337951 0.6109294514347432 0.0
-0.8031542024034728 0.13359218027036301 0.0
0.5085352464304078 0.007955074829796072 1.0
0.8654299453161445 0.03751790988155168 1.0
0.3851306908853396 0.7042692967720241 0.0
-0.6233225247791345 -0.31376177211109413 1.0
-0.8009990454274283 0.09783902003021194 0.0
0.4501632414232337 -0.38745351741289724 1.0
0.9363427799275785 -0.7629485548071744 1.0
-0.9175198026482467 -0.8884802409348171 0.0
-0.6823788300780333 -0.9650982354613342 0.0
-0.8010345919573385 -0.7666346078862138 0.0
0.19622065217563756 -0.6557341192527968 0.0
-0.17887853507919105 0.8933178715988703 1.0
0.6569781583172141 -0.21449414893440388 1.0
-0.08037420354808056 -0.32603595833055476 0.0
-0.43126625488029924 0.44610443123562216 1.0
0.6714264758277613 -0.11102409750766418 1.0
-0.2452042321092467 -0.7767655349348068 1.0
-0.25049029740155415 -0.9877691759483858 0.0
-0.7169175832666024 -0.8007731793480075 1.0
0.408162175071898 -0.4332069375897034 0.0
0.8213564413734828 -0.5992068020731558 1.0
0.41532000898544186 0.8189595214840242 0.0
-0.1499427454909752 -0.6876747872679099 0.0
-0.4696914563299335 0.8196895331938712 1.0
0.6628998720806727 0.8422326760156105 0.0
-0.02095408563071044 0.31563881996586596 1.0
-0.2609693254993053 0.4103427897506011 1.0
-0.23549182590413187 0.7524691615987982 1.0
-0.48030794006076083 -0.8351970562019144 1.0
-0.4473949583849197 -0.8328778416571345 1.0
-0.28543892819841354 -0.034763716387684385 0.0
-0.31964810815746847 0.3971550975348608 1.0
-0.7321587345677767 0.911847240387681 1.0
-0.6442041446035676 -0.6605927534300939 1.0
-0.6452740245236976 -0.8955368020749377 0.0
-0.11122906848976188 -0.5857325993740463 0.0
0.8121040375699682 0.566177652674773 0.0
0.7384797752667998 0.27748773327495724 0.0
0.9742874825813275 -0.6491228076233646 1.0
-0.9250883724201946 -0.7170154014883232 0.0
-0.5994547806807771 -0.35508035337963073 1.0
-0.01050919892675739 -0.47439695311952534 0.0
-0.30504725189363535 0.6915194377882392 1.0
0.13795796287474849 0.48635019324038886 0.0
-0.1369590224575159 0.24666351421308108 1.0
0.7360591810357837 0.4999151075000565 0.0
-0.3568065666934439 0.5307087341642893 1.0
-0.4323475391039231 0.44953456637886746 1.0
-0.7002143990757996 -0.6893747841994551 1.0
0.20572022655818278 0.7869075589107006 1.0
-0.6282459154435369 -0.06957777487992245 0.0
-0.9972714021113698 0.539484818070292 0.0
-0.8194358101550625 -0.20252957863188858 0.0
0.8503175735150494 -0.10527373132289153 1.0
0.059975680398242526 0.13053081390027166 1.0
-0.5608882020076347 0.6403241239282649 1.0
-0.5846077746021752 -0.17814988224335848 1.0
0.8640578761837803 -0.8508050674190448 1.0
0.48308942960373136 0.8294452322839383 0.0
-0.04474249550715603 -0.36727046555179266 0.0
0.588178007197055 0.37770071927439686 0.0
0.47774292598754675 0.17728845961776263 0.0
-0.8402719568460915 0.016456386394293254 0.0
0.4004542296631688 0.11486333411081606 1.0
-0.4096319349756694 -0.7924369054519627 1.0
0.6705791895894766 0.055809724119619375 1.0
-0.01569431452251746 0.9316861311780669 1.0
-0.14915708927102167 0.8716536787633602 1.0
-0.5759573845647881 -0.2538332915972237 1.0
0.02966206182944031 -0.10229660643061722 0.0
-0.1965560214254014 -0.8968805607090915 0.0
-0.23099718977554695 0.24316569076973793 1.0
0.036615068878395496 0.7398443458711834 1.0
0.5311387772103318 -0.7191022399566573 0.0
-5.491715725725044e-06 0.5025177950260882 1.0
0.03754993233502346 0.4766455154740967 1.0
-0.7472782891180785 -0.8536162740744471 0.0
0.3425285121261663 -0.10948398027934769 1.0
-0.05765281702118874 -0.5369109296177283 0.0
-0.9832779755397352 -0.3583111129888086 0.0
0.015273714202512334 -0.07607506391465835 0.0
0.4258624065970207 0.4095452365140093 0.0
0.18015711237948207 0.18353890432712427 1.0
-0.8267538663129128 0.9443052945078627 1.0
-0.39376036146060445 -0.764190657092187 1.0
0.795776047446048 -0.5736185887197638 1.0
-0.6450844319286597 -0.5574688958725362 1.0
-0.41394047059912364 0.6035084832577122 1.0
-0.05069310005893857 -0.725097183089856 0.0
-0.9609776497159517 0.5063000600643643 0.0
-0.15061216198395244 0.9679514984940052 1.0
-0.6041633227740189 0.27480588197791533 0.0
-0.237813634770752 -0.6890274646700099 1.0
-0.6245522530092331 0.7501316606619897 1.0
-0.2314261089741383 0.4799577170308964 1.0
-0.4881912507049553 0.11069900715615244 0.0
0.6893451452234218 -0.7010808426326502 0.0
-0.06441786896456692 0.6156538943938434 1.0
0.6634324719326006 0.696944240564451 0.0
0.5327235118668774 -0.0965720210327412 1.0
-0.17443083298205564 -0.6256229937436626 1.0
-0.2905405854411931 0.7459314209349837 1.0
0.8467990556233436 -0.6185862347677371 1.0
0.5688554235028669 0.7587124358230406 0.0
0.649847119157704 0.19497401770746237 0.0
0.9386082342471309 0.5579385455691812 1.0
0.3371887429740994 -0.29442256241375664 1.0
0.6099720985948611 -0.44358438419308777 1.0
-0.9179074165980603 -0.22120717399612166 0.0
0.8825798704543193 -0.06898924595057676 1.0
-0.6536998030453915 0.08490143328812572 0.0
-0.05190874416326574 0.06889450466817926 1.0
-0.22699373125451894 -0.7889495574470526 0.0
0.46510660288360417 0.22330945941680636 0.0
-0.4435798909504989 -0.7249023743723635 1.0
0.8139030868878634 0.005477323511379861 1.0
-0.8815579121221955 -0.15501375007429363 0.0
-0.7808908803733965 -0.10039438266794543 0.0
0.41352479481107274 -0.4396964474639036 0.0
0.7719142412134732 -0.608920704546537 1.0
0.5650437601376714 0.7029158428819846 0.0
-0.34919297172227814 -0.16601073218370832 1.0
-0.9614987197904825 0.9445834489716671 0.0
-0.9349023922429527 -0.6282406964611149 0.0
-0.5886539304063729 0.6627286208059808 1.0
-0.8553512814414261 0.3257746664261505 0.0
0.796157825018144 0.370752766060531 0.0
-0.8260020200056646 -0.9418304724523678 0.0
-0.43908627710178183 0.6800086788451762 1.0
0.006622620267750179 0.1619988768319227 1.0
0.6810802794117856 -0.4365833586696197 1.0
0.12759483803266192 -0.4379918201382498 0.0
0.6854805221300606 -0.9437232236240443 0.0
-0.3081631566431893 0.7319627896291478 1.0
0.46559240922913925 -0.9212404992465038 0.0
0.22571102563656087 -0.6556964029696521 0.0
-0.3912294156592755 -0.5555874892684691 1.0
-0.21395099753656233 0.07329182067564677 0.0
-0.6665548689002501 0.6018747738027646 0.0
-0.851119965217521 -0.7529971673318201 0.0
-0.9465996689964862 -0.31165520646052536 0.0
0.5693804370709028 -0.08423273173542944 1.0
0.3423279389070062 0.49751851767790045 0.0
0.9533667837118729 -0.5631770140772925 1.0
-0.3940755613141753 0.6460131992296592 1.0
0.1194220262460659 0.496195568796308 0.0
0.12904453886934952 0.9797215380390965 1.0
0.028318494332396638 0.6563830043472196 1.0
-0.8823768400504444 0.13191502415369616 0.0
0.41489880656667966 -0.2927306236994802 1.0
0.49880303661342396 0.11609505531484654 0.0
0.4219334122491063 0.028351509783641538 1.0
-0.7012944652535149 -0.9418334494534939 0.0
-0.5544530302264261 0.19641347303466405 0.0
0.45505705443700717 -0.7143184371291884 0.0
0.33296440729470644 0.7902972666159516 0.0
-0.963836293997955 0.3274384883148158 0.0
-0.24886625871024526 0.3175072488293922 1.0
-0.07885938777818668 -0.862015714507582 0.0
-0.07043621178753856 0.5854044566065322 1.0
0.7275566799070039 -0.28834562453958235 1.0
-0.48181961055764777 -0.8775587091188064 1.0
0.6264254552349038 0.4680008882813247 0.0
0.5643911638179542 0.2723919989782093 0.0
-0.1448112708811926 -0.8938226781076326 0.0
0.5022838364878972 0.5445940484650087 0.0
-0.6503673617744212 -0.3367802364004635 1.0
-0.4578543099340222 0.6115844485721826 1.0
-0.22853669033988666 -0.6216400589773003 1.0
0.27902723800869467 -0.34191129218753513 0.0
0.5894469362067902 -0.8828204906636308 0.0
-0.2316899347844581 -0.766987043050249 1.0
-0.14728198949744864 0.8872853523212263 1.0
0.07404400009420087 0.9631483593888766 1.0
0.7144623598922488 -0.7091373316169975 1.0
0.4933251483825172 -0.14009639290171316 1.0
-0.8641233785306246 0.35830442346636104 0.0
-0.26276241936119793 0.5274252998988032 1.0
0.8589218039491657 0.6890272895934801 1.0
-0.7820775295267326 -0.0751801080861656 0.0
-0.4093168196455448 0.022511737558729594 0.0
-0.5061334219637512 0.1514621697392733 0.0
-0.4267409928828987 -0.3544366732906754 1.0
0.6422497626405022 -0.2221095720701518 1.0
-0.33244488909855097 0.0819906571146467 0.0
0.29010272771050016 -0.8741267773129222 0.0
0.854204784613787 -0.7470749916569122 1.0
-0.5399798757864451 0.5341458592965473 0.0
-0.7283577928807439 0.24498844703692635 0.0
-0.17429749818984108 -0.9097368663931458 0.0
-0.31226424874665804 0.0890496381782846 0.0
0.6066736255768783 -0.3627711645094811 1.0
-0.8441355769704453 0.8018515004006359 0.0
0.9942892049645389 -0.7802376658724144 1.0
-0.7513658882577763 0.15337081477742198 0.0
0.3570214367698321 0.4940877390403733 0.0
-0.9282492486659786 0.8772953632068281 0.0
-0.19627867520702336 0.27545174601384637 1.0
0.19634581066605095 0.29522838869667867 0.0
0.3818427862916498 -0.6619538132303528 0.0
0.25599663277255025 -0.015069751618799643 1.0
0.7340885121672642 0.9021349006889807 1.0
0.4974291960533819 0.09256695775694657 1.0
0.9364412410632277 -0.7101058714907542 1.0
0.012184456697966084 -0.5284666236402189 0.0
0.5333603889136975 0.4176602657395361 0.0
0.2612398072507902 0.3593565735595756 0.0
-0.5280374296977559 -0.1505514153637355 1.0
-0.9780949224180662 0.2072353848599966 0.0
0.6005334114129941 0.18031889333871187 0.0
-0.10249331868203004 -0.6855652088765825 0.0
0.5506441581657706 -0.9020454034271397 0.0
0.7170437656010289 -0.02020294529784139 1.0
-0.42270661623695505 0.30692626677253254 0.0
0.8436654478117678 -0.6658482066870686 1.0
-0.7802943770040869 -0.8090191983193316 0.0
0.8048491772221604 0.5589209881637562 0.0
-0.184982036823385 0.629226742480711 1.0
-0.8322234578180321 0.4109699613938489 0.0
0.5287886190729723 0.6827261978345791 0.0
-0.1597367480291545 0.3907668917859006 1.0
0.4233685610660569 0.5214719717267977 0.0
0.9055572681150414 0.9494077598997523 1.0
-0.313889792649539 -0.8747326669312288 0.0
0.21012517396318708 -0.8685226937341155 0.0
0.6410272409356139 0.5740397376955098 0.0
0.2392448944018417 -0.09971283486306559 1.0
0.8757350559139132 -0.13665241322317256 1.0
0.8292999227383866 -0.0009074877739696507 1.0
-0.6316755278030426 0.016125508217626816 0.0
-0.5444250494183995 -0.49444271188087696 1.0
0.008054653579206317 0.5082226677682826 1.0
-0.735436870751228 0.7666113740569809 1.0
0.6087614398726933 -0.17450901011921993 1.0
0.62358391989464 -0.8060049594582437 0.0
0.9667431025164646 0.8501511818329683 1.0
-0.9225593820027289 -0.9197295310153326 0.0
0.5762336358448481 0.044955938475276236 1.0
0.02474033761605776 -0.04056576740749218 0.0
0.28214021484051277 0.4582838990331226 0.0
-0.9194096639037148 -0.7207448015988958 0.0
0.054433725414817946 0.27066750316994126 1.0
-0.5817993266061154 -0.9227661827335305 0.0
-0.8084328763665012 -0.08070710309769913 0.0
-0.4962254322105075 0.5567380117635468 1.0
-0.5193883357353197 0.7707751546945181 1.0
-0.36940742905424084 0.7882191007051926 1.0
0.8611722993863085 -0.02601446673726171 1.0
-0.4421090165676502 0.6601542788670198 1.0
0.16382901697235308 0.014331509925820773 1.0
0.9308953616879296 -0.5512816166996246 1.0
0.9700799487699214 -0.46319013592458425 1.0
0.829728475055652 0.35856933678119884 0.0
-0.2364001484138667 0.6948883871448963 1.0
0.3202929398309302 -0.8092629921262884 0.0
-0.28593011737354623 0.27858309978662255 0.0
-0.8696027013447671 -0.825988807854334 0.0
0.03041340491832134 -0.5646416901343785 0.0
-0.5983605965484773 0.8078951284424731 1.0
0.9089339670472718 0.1442036678505405 1.0
0.03278815414385128 0.18652913797919912 1.0
0.7912142565975457 -0.6858630183750305 1.0
0.6651874015958288 0.6363814198159472 0.0
-0.3757399464444293 -0.40961099416555014 1.0
-0.6340501578694575 -0.08226465311390041 0.0
0.18784897002699807 -0.9367234665726045 0.0
-0.6603972578742783 -0.49470300474799833 1.0
0.6813471306296781 -0.7396399779889604 0.0
-0.45123474325818536 0.634084925878706 1.0
0.8298700534861863 -0.5664582962266693 1.0
-0.5103271163276815 0.979904971374397 1.0
-0.6838063360149667 -0.3110817615835768 1.0
-0.7121901024165351 0.09328878618958347 0.0
0.6011894967283555 0.1470951586221827 0.0
0.13426415368093347 0.04920805377078863 1.0
0.6319833321758395 0.6580289229452239 0.0
-0.1481252827908468 -0.9304557946339052 0.0
0.6830101136345645 0.2797339036866835 0.0
-0.38076759401236937 -0.9500192653924713 0.0
0.0987585015150676 0.7764095191722704 1.0
-0.4545835739662598 -0.7494264842571505 1.0
-0.825097902133421 -0.44050965766200934 1.0
-0.5845918451235699 -0.8993642616399045 0.0
0.2635487585749412 -0.9893001380518902 0.0
0.8847679502372934 0.40737490933586185 1.0
0.17158359070224494 0.4586407590949455 0.0
-0.003446538509046082 0.7015237925460407 1.0
0.5225122290306949 -0.09531855748969043 1.0
0.06909499672942543 -0.4241617093775403 0.0
0.8111256871437302 0.1446318698964426 1.0
0.9952972084870728 0.6366385679515767 1.0
0.14720250451587114 0.9092059891238999 1.0
-0.39978221180840134 0.14689817514103587 0.0
-0.9136402253919358 -0.8546060929673116 0.0
0.5192547668234198 -0.5656868644911879 0.0
0.042318022120178655 0.06025582410628427 1.0
0.07060311440543265 -0.663883253675279 0.0
0.28632582635172277 -0.4259064299384987 0.0
-0.9449810608583571 0.6680072986563854 0.0
0.4621981801418955 -0.8979427494753658 0.0
-0.31031099949115815 0.6356779073004029 1.0
0.29393217357190404 -0.13761962918325255 1.0
0.10236827542120563 -0.03696305220238494 1.0
0.4307408258640304 0.2430758859947062 0.0
0.7232987100238761 -0.3805244867904376 1.0
-0.7156572929317577 -0.6671106539981375 1.0
-0.8376992998713255 0.4821408903995439 0.0
0.9889899067033379 -0.14012188513805546 1.0
-0.33497094892860013 0.70794047158794 1.0
-0.7866194630875902 0.07483138787862886 0.0
-0.36900568428655256 0.4791375859793683 1.0
0.5886608447978692 0.56383900576857 0.0
-0.9073457907077445 -0.2665172108926763 0.0
0.858572897319924 -0.328553357285404 1.0
0.6292200153207614 -0.9922453269080709 0.0
0.03970648893786777 -0.5882415137722234 0.0
-0.14882132115796032 -0.8454101618950713 0.0
-0.10690555513684719 -0.8196736201592942 0.0
0.7060449819897705 -0.8791051005492232 0.0
0.997143466894509 0.2398350457451095 1.0
-0.5954767604129454 0.3979805704197854 0.0
0.5566833074915221 0.9057100122491115 1.0
0.6119496209143838 0.2968026178847387 0.0
0.44985611627135813 0.4657356845051477 0.0
0.9493799440645518 0.7990286604485028 1.0
-0.1755486396920971 -0.12745715322166107 0.0
-0.6281411426516224 0.8653967316290145 1.0
0.9257480153213484 -0.7720088065067914 1.0
-0.24526906362178624 0.08397867711759344 0.0
0.015747255610201627 -0.32360964575742823 0.0
0.856029843173687 -0.1994053201574868 1.0
0.1238522289005266 -0.5031819354929694 0.0
0.9268105848159087 0.8578064526197808 1.0
-0.45044591962088965 -0.7252397785873594 1.0
0.953267309927232 0.5636586597505062 1.0
0.07870893117022049 -0.6732457798349238 0.0
0.37697350401601804 -0.8260885182984701 0.0
-0.7238330328588576 0.9885182462142106 1.0
-0.9062508884537139 0.01142586946824009 0.0
-0.7711583447468913 0.2600363503027847 0.0
0.5823268229815619 0.3725028820073766 0.0
0.644296852424513 0.8022640095561997 0.0
-0.7823410477236281 0.9652737259679967 1.0
-0.07482497213601502 -0.07521324024985998 0.0
-0.33862690534576223 -0.3016853161224342 1.0
-0.5562597386640757 -0.8966216191167142 0.0
0.31833129600551757 0.718680907360149 0.0
-0.6778540183304413 -0.8672141947757741 0.0
0.880943592968706 0.24400423167249774 1.0
-0.6716533782151579 -0.17599929676769155 1.0
0.8501920618659342 0.3545822790704207 0.0
0.9398185908432921 -0.9826873071942999 0.0
-0.21881635807266075 0.5237509970908387 1.0
-0.29835164409447357 -0.43937573165056554 1.0
-0.24449041930891902 0.39407502672958605 1.0
-0.22989265117399227 -0.7003595567043568 1.0
0.3476723776113746 -0.3176539147551858 1.0
-0.501930987907204 0.9071836835443876 1.0
-0.4909819238508535 0.42763210381218664 0.0
0.5938506210230068 0.1731717741276928 0.0
-0.31565063924816017 -0.12704987550760727 0.0
-0.39373472697898837 0.5542739142459603 1.0
0.8115349035937613 -0.4136145107299183 1.0
-0.5592934971185697 -0.19680648750151208 1.0
0.2205734770873593 -0.7541614874220808 0.0
0.27062567327657217 -0.48033992885533516 0.0
0.9463739208880773 -0.41055923167562214 1.0
0.5662868939557639 -0.6028341021566084 0.0
-0.9675511345999248 0.5511190036443334 0.0
-0.5333323889994748 -0.5560314472091343 1.0
-0.8183604975818755 0.7482733704726465 0.0
0.8051831234646343 0.07604348407128536 1.0
0.8301270595502999 0.4967604643743173 0.0
-0.6757237091995236 -0.6842576485071798 1.0
-0.30880733085438505 -0.37758797090304674 1.0
0.4850528196307329 0.9439625481425522 1.0
-0.7006833271949646 0.2326355863166849 0.0
-0.781687476612499 -0.8063246351673821 0.0
-0.7895397833578996 -0.827971076825704 0.0
0.18215200422289524 -0.9789796520997658 0.0
0.7428341598473258 0.06013798693268191 1.0
-0.03346973156212951 0.8388319997271854 1.0
-0.07026407447278693 0.06740072957604126 0.0
0.58694190771554 0.7387010153007774 0.0
-0.9944949253735769 0.21962481242454346 0.0
0.8544241805302988 0.9150669983472204 1.0
-0.4018510398633661 0.19802104844711366 0.0
0.30504318648595996 -0.1925891639000199 1.0
-0.633914872384435 0.6039245069097121 0.0
0.3859131103194382 -0.7826842017114022 0.0
-0.5440552328573378 0.8060007431382763 1.0
0.47155590068495057 -0.7149782521598338 0.0
-0.35970961024560655 -0.6330794246761302 1.0
-0.4789124068893542 -0.5977345758480936 1.0
0.89060862745536 -0.8000100336294922 1.0
0.03160660379976332 0.3544436007858107 1.0
-0.9059849220478906 0.3534796717555393 0.0
-0.28326016434624623 0.08922507719935124 0.0
0.4789930531242048 0.44264460431736774 0.0
0.38707150473678964 0.6158625133099604 0.0
-0.4497624546126393 0.9326176798738612 1.0
-0.8918042361258569 -0.549541581879875 0.0
-0.9176339288795801 0.09058451850618443 0.0
0.8427876474100278 -0.2602348380037227 1.0
-0.2939960690600687 0.3242025896717702 1.0
-0.6833675595873616 -0.8372326818195641 1.0
-0.4196572192390562 0.8487778222880935 1.0
0.9893762630415344 0.09767908172113482 1.0
-0.9725151037947992 0.4962505001894031 0.0
0.12236788845558677 -0.4697377461513166 0.0
-0.03220067317216402 0.3839345684428275 1.0
0.8265508641160677 -0.31852595486226853 1.0
-0.10777032965854927 0.7879832710859285 1.0
0.9423204272483319 -0.49788575600142315 1.0
-0.16914075853328425 -0.6876334986386097 1.0
0.237223884552352 -0.3080500122494316 0.0
0.014558180428959178 0.26425995545883385 1.0
-0.1856612271968323 0.25831115788015535 1.0
0.3913679095384752 -0.08263658566533794 1.0
0.8891406639258923 -0.27542069802450997 1.0
0.24266228738959938 0.8757768595078779 1.0
-0.6118099389634348 -0.5197054104107239 1.0
0.3109823490938124 0.6502116356093965 0.0
0.858089527322748 0.025297815903579934 1.0
-0.1533986096756026 0.5135902346346044 1.0
-0.6386482185423454 -0.670992863392466 1.0
0.04441015939792203 -0.04130930079590289 1.0
0.42283197776506376 0.8783502964945593 0.0
-0.993837974409836 -0.1648318918117322 0.0
0.0741800472836347 -0.7004095681633467 0.0
0.2539960849190015 -0.23002955242517453 1.0
-0.08350071371484202 0.40724888899854617 1.0
0.152476457486453 0.3891781275972077 0.0
-0.7119426001695028 0.9164641509439602 1.0
-0.41259018008307 0.6119833735274425 1.0
0.5666118991942417 0.7081526283878692 0.0
-0.9032592490613114 0.7630237284796733 0.0
0.3788683580239427 -0.1692903145230693 1.0
-0.1045366437927282 -0.9535069488221881 0.0
-0.6068526423892231 0.11322777857360977 0.0
0.10391715217978037 0.2041300341517609 1.0
0.09084306508241036 0.32361054571422065 1.0
-0.9160252767392132 0.06055061360071923 0.0
-0.8459061184676526 -0.06800843214919605 0.0
-0.48928171760503747 0.8222572511689452 1.0
0.4258777381112844 0.9040613927809198 1.0
0.5292948727551798 0.7258496281396132 0.0
-0.9729356858683318 0.22019134483278902 0.0
-0.41923664918753745 -0.9465911847136748 0.0
0.0719233538874664 0.8073714130985694 1.0
-0.6546730584220934 -0.0006523633537367513 0.0
-0.7161532233026244 -0.47163188856070626 1.0
0.9361116853489799 0.5561611098002373 1.0
-0.84872415347254 0.7893335632955025 0.0
0.7512138525029988 -0.6181253986186146 1.0
-0.6042386580291177 -0.13717446606152173 1.0
-0.6137138053776972 -0.5671957142947066 1.0
0.6605230101903765 -0.4066852499069491 1.0
0.9288325427044846 -0.45628273257659924 1.0
0.3779664342078888 -0.9901510363149872 0.0
0.8061026010564416 -0.018551191584541327 1.0
0.10374925395252177 0.027341937547395112 1.0
-0.19294751266320032 0.6748902885900321 1.0
-0.14292009559977803 0.8943918764338579 1.0
0.7876803734991498 0.8828235202763983 1.0
0.02706717125289848 -0.9326897440058188 0.0
0.29295559436568297 -0.20474273991545333 1.0
-0.8577013455476117 0.11353268701007346 0.0
-0.49495669609772697 -0.14293734860836693 1.0
-0.23714883206958404 -0.617183980382576 1.0
-0.4779199876028515 0.17018726375196502 0.0
0.6306891115227031 0.5896464108301489 0.0
0.09971605853100063 0.3312301112143452 1.0
0.5422433783722203 -0.12014334167255303 1.0
0.6774792660580582 -0.4267670014936704 1.0
0.5913803782164344 -0.553285257679407 1.0
-0.09709380091123454 0.3730622341976555 1.0
-0.6552955892089551 -0.5447967092368786 1.0
-0.4192290855683365 -0.6772100076607086 1.0
0.7952762593989893 0.5838552903895518 0.0
0.006604587912566462 0.03569899883407346 1.0
-0.8410011293908557 -0.37822732745804943 1.0
-0.03460584738456762 0.18429909514484022 1.0
0.5827125814684293 -0.23131277437423892 1.0
0.3753385994582399 -0.8798208933994018 0.0
-0.3263497335085106 -0.9736834414466538 0.0
0.44372529484628376 0.9202882180936938 1.0
0.9282174773772414 0.8247518342974283 1.0
-0.830982725588604 0.005336106208788438 0.0
0.4927437964956014 -0.4238724998140371 1.0
0.8382528950914987 -0.8000008413306066 1.0
-0.06439821944543223 0.5063203927820936 1.0
0.07401287340392715 0.3131408912157314 1.0
0.8363415146112223 -0.21543936865256552 1.0
0.970168326028453 0.6388153670699612 1.0
0.2633884245004303 0.9755542153898482 1.0
-0.6861412534243609 0.9330352215468805 1.0
0.5171572173367076 0.2911751039939161 0.0
0.5574058610618613 0.2683690533030876 0.0
0.8716004630802219 -0.9305117350935945 0.0
-0.9842442592800296 0.10871425949072244 0.0
-0.6028040674629731 -0.6171779982799972 1.0
0.8972635101980517 0.8938402208866068 1.0
0.7815566836954588 0.0806297321061249 1.0
-0.3285455086385787 -0.2211611123669639 1.0
-0.0947322308971903 -0.665556340988448 0.0
-0.7085127035392464 -0.17614522379195896 1.0
-0.02975709991837494 0.29288954459375205 1.0
-0.29258434295707403 -0.6724215134113727 1.0
0.34676277373043285 -0.7595580246847393 0.0
-0.04933295123161008 -0.7635594228339606 0.0
-0.32390216363538515 0.719670696406429 1.0
-0.4608772983591414 0.8838557225330266 1.0
-0.1201887925972176 0.05454777038275549 0.0
-0.9999798670472835 -0.8569077192557859 0.0
-0.060957866260633375 -0.07235253443014367 0.0
-0.567721726904995 0.09984577281914597 0.0
0.020098350771451834 -0.5544408188982082 0.0
-0.9418613617664255 -0.8267461223731873 0.0
0.07405868242919378 -0.49733540173667223 0.0
-0.22977359207448655 0.07754288145096355 0.0
-0.8720948152559806 0.8273800881663418 0.0
-0.6406544414311706 -0.4847329517812018 1.0
-0.767345522305652 0.8953091505111312 1.0
0.5666493178538088 0.16684842330136784 0.0
-0.8366065729860059 0.3464488739152154 0.0
-0.21359777980355799 -0.567142721435735 1.0
-0.6943347026339195 -0.08935299307569311 0.0
0.9619349103461379 -0.5083831719790242 1.0
0.14400050458138391 0.3167000668494435 1.0
0.23419159326595373 0.7921594192686083 1.0
-0.36542985603252576 -0.13600872468734382 0.0
-0.9912780027666384 -0.515540931640861 0.0
0.2096437187186151 0.2618953068512557 0.0
-0.016026159504331172 0.7081237295558265 1.0
0.0023896694206513303 0.06897043230278088 1.0
0.5909956952160231 -0.08946675053411668 1.0
0.24354436999995044 -0.892798951605859 0.0
-0.43825296746909137 -0.8830556291267844 0.0
0.7665728859890504 0.8363172438532858 1.0
-0.3797693844923158 0.4839873302517128 1.0
0.07476141721465868 0.38440214455275945 1.0
0.8818041036394872 -0.9028267915307415 0.0
-0.00939508145029122 0.4003029647055032 1.0
0.4284299478940281 0.3737288922588926 0.0
-0.8312693779767213 0.97061608366023 1.0
-0.9384991603997863 -0.32706154290893275 0.0
0.49157935308940104 -0.5680303446879926 0.0
-0.952756189017286 0.2229204986944271 0.0
0.4188737350869789 -0.48255503864366234 0.0
-0.30058949992269457 -0.06339506852566079 0.0
0.7385435196429384 -0.6174729390106235 1.0
0.5518259208838614 0.876874783698691 0.0
-0.7739998660632115 0.6503921152819849 0.0
-0.8314745792500353 0.5466046739724146 0.0
0.5689941676474262 -0.11191225034378283 1.0
0.883988990328465 0.7949246380658257 1.0
-0.11057884280502162 -0.9964327525091796 0.0
-0.3489808879988676 -0.37955082181245037 1.0
0.6220309336356478 0.7364752349255532 0.0
-0.14341107590630853 0.18981720788923595 1.0
0.26835181936372354 -0.705298414018604 0.0
0.8099311282690433 0.5772902154104866 0.0
-0.641455135911944 -0.5468433675586115 1.0
0.15670217394003694 -0.022472329276980396 1.0
-0.9190356029807487 -0.7581284205746821 0.0
0.08408454397259812 -0.6194917840321594 0.0
-0.7080798092712381 0.2381113748644923 0.0
-0.9338627903364227 -0.07013129404754448 0.0
-0.22595396453785166 0.11619795932534771 0.0
0.3072451175553512 -0.08708845525291853 1.0
0.6505764247504662 0.8179761799224272 0.0
0.020407766368144786 0.24351844893908736 1.0
0.7473042356876252 -0.3916138162681233 1.0
0.9265086548051777 0.4475575303858026 1.0
-0.5279652487452935 -0.6411822597139216 1.0
-0.33729597111550214 0.007200735744140818 0.0
0.39316210708530086 -0.07320858792669171 1.0
-0.2922819525437472 0.09216205228644214 0.0
0.1115945041807278 -0.565480402182434 0.0
-0.9481797941646939 0.37504380055017994 0.0
0.783667110589185 0.33710827201963545 0.0
-0.8568396666302378 -0.6028717332106341 1.0
-0.568279479297473 0.41799998344961553 0.0
0.7420613829760958 0.9009116806963582 1.0
0.29512060099665627 0.35196981053234455 0.0
0.08517087448201854 0.5618456889029055 1.0
-0.5113998494562295 -0.8502559811693149 1.0
-0.4229407315032878 -0.742771971368982 1.0
0.7428208054870493 0.06257792929584949 1.0
-0.9798550697775923 -0.0936421085462058 0.0
-0.6002092662659515 -0.5529480049079176 1.0
-0.9555557362005969 0.26503038186109884 0.0
-0.001427535459605389 -0.01588234042681891 0.0
-0.022084868354939724 0.5915622903718731 1.0
-0.6989645769281114 0.6814776608510265 0.0
-0.21663464200151394 -0.134220092860744 0.0
0.7160605674158429 -0.8121873108702031 0.0
-0.6354761350250562 -0.4766904478673957 1.0
-0.016861229984157067 0.14257579065204817 1.0
-0.1806720192033715 0.6773443622801885 1.0
-0.8889508731448534 0.08445202386121764 0.0
0.5864649287904318 -0.8096929439317047 0.0
-0.9079373568813136 0.744474281056511 0.0
0.8482932841668394 -0.8998034456700381 0.0
0.7449445070644822 -0.06154608395355621 1.0
0.602918120476438 0.14906336239802376 0.0
-0.12187241124849546 -0.4048337490215066 0.0
0.035767190079084576 -0.31190205766645485 0.0
-0.35502722843509193 -0.51523205451696 1.0
0.4025541279482878 0.383176264517304 0.0
-0.6123024588954864 -0.4620282195490586 1.0
-0.498515321265091 0.8450675703381421 1.0
0.08353041997880273 0.9752179827856102 1.0
0.18661336736642586 0.13793552801762177 1.0
0.9326780143696978 -0.18553250947435806 1.0
-0.08953526072694884 -0.3183932616042404 0.0
-0.783037947209144 0.1601058917116207 0.0
-0.6416898639081552 0.8413530219853969 1.0
0.6400984000711294 0.17706858863189878 0.0
0.461831620390472 0.5147053292755308 0.0
0.4954978292755383 0.33054284159900726 0.0
-0.40351037538539236 0.10165139349796815 0.0
-0.021991482060560896 -0.3643756230407733 0.0
-0.09421296935696688 -0.9845446667384585 0.0
-0.2882485788482778 -0.5345090618050004 1.0
-0.7242778245111616 -0.2993185046412581 1.0
0.0896795536696895 -0.6646145721856149 0.0
0.41989921085698856 0.5506366489814192 0.0
-0.926597156060309 0.7885780667621254 0.0
0.5116026974380259 0.3552713854546501 0.0
0.035683787243552256 -0.18598901149439961 0.0
-0.008356783732448303 -0.32002477297821397 0.0
-0.5660135132278963 -0.4306076904013454 1.0
0.3945465474943082 -0.9102456828752055 0.0
0.22998227176268027 -0.5184701964187541 0.0
-0.016075805930294562 -0.6810001454800569 0.0
0.7010487989312544 -0.09936307931421928 1.0
0.1477976697336436 -0.7344133531790851 0.0
-0.5285890635738113 -0.6049269414181466 1.0
-0.26312613169920196 0.10123913296215803 0.0
0.5302658117499515 -0.6157879428562985 0.0
0.10741040900309584 0.6357907936884877 1.0
-0.5366061826044446 0.5824847516451792 1.0
-0.2675416409928293 -0.5144370641147169 1.0
0.896230242267148 -0.4880307891660034 1.0
-0.7424870640653882 -0.18168030550770142 0.0
-0.7090627013138704 0.03805147991695068 0.0
0.5831876933752076 -0.38434666484834934 1.0
-0.36134814184506503 0.2987395369968595 0.0
0.3677033487216028 -0.9756720831039865 0.0
-0.39243525884858643 -0.39592857360193623 1.0
-0.29178476821542754 -0.5686354608640067 1.0
0.9045116939536719 -0.2798335225399313 1.0
-0.8157908472030271 0.6064631904315416 0.0
0.723381630367588 0.10662850986918682 1.0
0.6534121908520756 0.3048734811696099 0.0
0.5464032352498194 -0.41716071582384306 1.0
-0.5004339958180317 0.8090391751308939 1.0
0.2699398538415352 0.35908545942673076 0.0
0.7302053783068136 -0.09836135787895528 1.0
0.789047524139799 -0.33012310765925457 1.0
0.446978959256203 0.4202807225246852 0.0
0.2693668434269829 0.5727791734156822 0.0
-0.5699797898585259 0.1258985552694598 0.0
-0.2386076159061219 0.046869015179865636 0.0
0.3927907229479273 0.2273820084676237 0.0
0.8022518578133684 -0.009977780468900299 1.0
-0.5408067080254602 0.11073912510070194 0.0
0.41892458273159927 -0.4860575588434728 0.0
-0.15090619421079432 0.9325237549385954 1.0
-0.22658086631281615 0.38469119775934746 1.0
-0.8327156603155998 -0.7806759483915329 0.0
-0.7101062248753702 0.6624398743746269 0.0
-0.1833065267277163 -0.7040024098521327 1.0
-0.48813444382697924 -0.7667281061052018 1.0
0.9915948699368626 -0.2500848077072708 1.0
0.4594033361612251 0.9444085465081031 1.0
0.23915496723142193 -0.4980233445464739 0.0
0.6668580438897809 0.4060990410712786 0.0
0.30562952151533795 -0.5609870977145888 0.0
-0.03701181273312226 -0.8364788757576618 0.0
0.5519264883554327 -0.7010433939173206 0.0
-0.4489561225586014 -0.922315922417752 0.0
0.1003665979856494 0.0783592118463603 1.0
-0.28110920661800054 0.9992180098003127 1.0
-0.1411757487551557 -0.845580438043978 0.0
-0.9562323432261772 -0.8209924167035318 0.0
-0.039759553432300976 0.01910253034567333 0.0
0.7123202316252015 0.2484005202852504 0.0
0.5985764917254768 -0.4019424471494786 1.0
0.35148962478943524 0.7550926807292897 0.0
-0.6734872776540648 -0.3525282319552676 1.0
0.06997102337975214 0.9296291553788512 1.0
-0.5954904203928693 0.31419427579547676 0.0
0.8634639184135233 -0.9718217769188884 0.0
-0.07263455852655087 -0.7084070884186082 0.0
0.3196855253551376 -0.014939231497339112 1.0
0.5249403187316954 0.481594765018337 0.0
-0.6562676583162497 -0.9537901246620646 0.0
-0.6593790212038622 -0.9330130180348273 0.0
0.06825724458227556 -0.5571720042938657 0.0
-0.7830935616516632 0.5210172399325574 0.0
-0.40147906231316544 0.31118707627944353 0.0
-0.615576319220269 0.9201588824053544 1.0
-0.49027374123752754 0.3319439879631776 0.0
0.23593357632950096 0.11476600197898112 1.0
0.5949693950772657 0.5493715448495515 0.0
0.4406049435166526 0.6768490344990679 0.0
-0.7344385898411876 0.8666546703862004 1.0
-0.4659466101262415 0.23295432178174824 0.0
0.5960990760231919 -0.9651903357050793 0.0
0.36122512944048935 -0.065165658962137 1.0
0.06823916084971282 0.09331418729995478 1.0
0.8787123524094338 -0.4077350895605478 1.0
-0.75481156939821 0.00901869483994755 0.0
0.1925524197952848 -0.28533401960158344 0.0
-0.9099142419283797 -0.3829345648228215 0.0
0.23081820789921714 -0.265561369006204 0.0
0.1718756495918372 0.038605987432208444 1.0
-0.474442011188003 0.13427543785237406 0.0
-0.2944839439542799 -0.6189101530535877 1.0
-0.5626763521290303 0.7576626414258127 1.0
0.06447421757653116 0.5173441186954799 1.0
0.29579541644476737 0.4629304607899658 0.0
0.9873339756223938 -0.8531944483629892 1.0
-0.14686846723469693 -0.04328172893652016 0.0
0.05374268625219458 0.9859378087578325 1.0
0.06649258839641004 0.8074938328445591 1.0
0.6025240104413268 -0.6335274346666149 0.0
-0.5770511783976147 -0.7844713072488194 1.0
-0.26616096616590257 -0.9076848431463658 0.0
-0.9376125246473772 -0.4138537047825146 0.0
0.14814719663428533 0.981477805576406 1.0
-0.8219461882390862 -0.39580094199605753 1.0
-0.795533379466028 0.3073787472641747 0.0
0.9623161416181689 0.18211851105983 1.0
0.19392221746151228 -0.7770380184547778 0.0
-0.9605505257512374 0.08421514477610792 0.0
-0.9994573204385315 0.06196860472321308 0.0
-0.9926801188634764 0.9453023343568334 0.0
0.07490513042841518 0.7883570018576112 1.0
-0.692306598642338 0.6858313567381558 0.0
0.5293199481646111 0.32760514659780604 0.0
-0.19631683311550718 0.6586329617914208 1.0
-0.12022711293386834 -0.15899189865834074 0.0
0.21149628422463485 0.3309265771566583 0.0
-0.4913350422709477 -0.6867069175056311 1.0
0.5389807276150964 -0.33428730693685615 1.0
-0.6790567414305766 0.21495805155596748 0.0
0.2523984113690443 0.4021718798402283 0.0
0.10811577937159123 -0.9327555686704381 0.0
-0.4353302008435542 0.7048089660339867 1.0
-0.3435030321554058 -0.021580818921396405 0.0
0.4832122009015045 0.852618789007566 0.0
-0.514196913355826 -0.699084373849691 1.0
0.21291070331202366 -0.8885059055358475 0.0
-0.2812745341539846 -0.07330060944674388 0.0
0.5948695305123337 0.3124697238808123 0.0
0.7637343598113826 -0.08829085150186944 1.0
-0.186946467766693 0.7665226498033482 1.0
0.0024026948393516268 0.4383581966561667 1.0
-0.5549921015368433 0.9037834193613754 1.0
0.4361314162765717 -0.6993256508859669 0.0
-0.6591044914929511 -0.6851844542555199 1.0
0.8932261195668061 -0.5079283032611144 1.0
-0.2981279902540126 0.3310946110427806 1.0
-0.757897381760394 -0.8600685758006616 0.0
-0.0051729904936288484 0.20364550412103521 1.0
0.6637647297440161 -0.9874018325053746 0.0
-0.909512501862062 0.5313739704003606 0.0
0.8030136056633115 0.099972628233584 1.0
0.3244114705899235 0.13227226287440996 1.0
0.6868344949027334 0.9493434087923058 1.0
0.4383845908686772 0.8010979440294277 0.0
-0.9528573823457376 0.2778623026216487 0.0
0.8923422470949556 -0.6006665195405869 1.0
0.5547173685917004 0.3449762155748237 0.0
0.9850879459720323 0.950502544940955 1.0
-0.7958311599567278 -0.8201588749413615 0.0
0.06935304153747968 -0.28454997507571056 0.0
0.17077309500005367 -0.7397163672253382 0.0
0.5675602056270386 -0.14033698336308453 1.0
-0.8514583026604423 0.32932748542938084 0.0
-0.8896870279250477 0.9658814846955326 1.0
-0.34440706052452463 -0.475429318410691 1.0
0.7659174613738895 0.6831530050065666 0.0
-0.27611195741470973 0.36966321557131643 1.0
-0.327268571222191 0.9799625852466871 1.0
-0.4175700478126205 -0.941662618633957 0.0
0.10686596932804515 0.597308284643669 1.0
0.1286124169147218 -0.8641878757766535 0.0
0.24283040188271676 -0.9619600513584594 0.0
0.24259372263727363 0.3200177616024946 0.0
-0.5099173622726445 0.3022697706498991 0.0
0.6278725236788609 -0.5871082330268702 1.0
0.7370411984049974 -0.3939037987702745 1.0
0.7144839584270193 0.8538572838212395 1.0
-0.17030791828903658 -0.9468690832496027 0.0
-0.633068461142757 0.1571001055675061 0.0
-0.5090204368822111 -0.8019347107470189 1.0
0.7589784424504646 -0.770636266302489 0.0
-0.12983894630137804 -0.9568754824584762 0.0
-0.519112425177132 -0.9369021913162454 0.0
-0.0011158424316535243 0.08789244992246825 1.0
-0.26910987681618526 0.49958097530720424 1.0
-0.4349840860544638 0.9817650356708947 1.0
0.5820143195755427 0.4185223483599634 0.0
0.0611916972121902 0.7948223171912137 1.0
0.9203088579307857 -0.294517880205301 1.0
0.5768562112310978 -0.04208674362996967 1.0
0.1425829221603152 -0.02050514407294357 1.0
-0.4504770298419314 0.9740765114669245 1.0
0.36561117221626604 -0.4223784794820016 0.0
-0.5055229883230861 0.3982747892235907 0.0
0.816526295218091 -0.18139641378116633 1.0
0.36394580409108857 -0.9374880875251088 0.0
-0.3809875925621051 -0.8997951252553347 0.0
-0.06477603690170741 0.3188832401791293 1.0
0.03799352685884294 0.8200060787757981 1.0
-0.2397001467294353 0.6951477963498582 1.0
0.038077291968383165 0.7196399595804444 1.0
0.9674312039258446 -0.0367974280235468 1.0
0.2083762260632407 -0.24517949283693685 0.0
-0.09307597910828447 0.46937633028385517 1.0
-0.9991233651424365 0.9046639934169276 0.0
0.8298103101653813 -0.4622038805986961 1.0
-0.12561019995433997 -0.9013835943391153 0.0
-0.2525868806618654 0.9652800896592717 1.0
0.7821902839890567 -0.9108371907061958 0.0
-0.1605480741417109 0.5230682743690445 1.0
-0.09056779674916915 -0.2924053259289261 0.0
0.8081853724527412 0.44914259011480406 0.0
0.43820134084449736 -0.1874115716628908 1.0
-0.9105601369138263 0.12568082207642295 0.0
0.6698898090268799 -0.6193976538500281 1.0
-0.9669910322453898 0.33330282220708063 0.0
-0.3832507003218648 0.6150479266742834 1.0
-0.8928650708292252 -0.8290173970918884 0.0
0.46236833757328855 0.22975627744852956 0.0
0.6877219578055389 0.11708060818933719 1.0
-0.9426147047237281 -0.45608311187004125 0.0
0.38287807439100696 0.4171191224276247 0.0
-0.9667938055902048 0.1331156160602427 0.0
-0.40314315201028017 -0.08311997942362548 0.0
0.151191357464324 -0.6664378381724942 0.0
-0.9199011140184119 -0.20906663368748823 0.0
-0.726670160705202 0.4413756681766918 0.0
0.7802362619578331 -0.48550546947329676 1.0
0.14016785869309567 0.5977244541950848 0.0
-0.6790214947138149 0.5036515051122739 0.0
-0.4337588350543633 -0.4203694033861114 1.0
0.893923054126952 -0.4972874060127215 1.0
-0.20439222876820096 0.5318162323500784 1.0
0.8118423412881206 0.8264537256771454 1.0
0.8330680936081765 0.40875943793534986 0.0
-0.6618373118569794 -0.2872528535273353 1.0
0.7725962131645967 0.7525326650563007 0.0
-0.21842002136504557 -0.9687307035306763 0.0
-0.2775013014808829 0.25432023730729525 0.0
0.6108694276206634 0.47329407326826867 0.0
-0.8719316699896384 -0.8866740219418159 0.0
-0.04610801724589453 0.3040002471510761 1.0
-0.796382471249887 -0.8975784216778291 0.0
-0.2942000947492749 -0.25922530553812106 1.0
-0.3298514529961829 0.8506290667985099 1.0
0.5391517312748213 0.22021528908274068 0.0
0.7063370559156219 0.46779205369393617 0.0
-0.42621927431853823 -0.7322877236614391 1.0
0.6913749532607802 -0.2702901202680834 1.0
0.6578513675877333 -0.3708567325695318 1.0
0.28797946099082217 0.5887637950677664 0.0
-0.062201867231335806 0.33529678258313944 1.0
-0.4213476659474029 0.7840004553967745 1.0
-0.8245010997149353 -0.3972334403609823 1.0
0.41860341069032536 0.8996694581101599 1.0
-0.8694019617482716 -0.25388243917387143 0.0
-0.5900110941647088 -0.22897609080432013 1.0
-0.9017952544512229 -0.09273780960103783 0.0
0.27555104041691636 0.9868474936130807 1.0
-0.014820770690364249 -0.8804893598950356 0.0
0.17025973203471256 -0.6947091369037637 0.0
-0.017487249072491995 0.18744483128332212 1.0
-0.3899499705245888 -0.18488344555492442 1.0
-0.5479876792861837 -0.9222111788899465 0.0
0.3313220276076465 0.31337722427580283 0.0
-0.414617900725053 -0.337176909935311 1.0
0.9948800449003163 -0.025451629481937577 1.0
-0.6249478647115354 0.502813124683887 0.0
0.8763472555639349 0.4532521216151433 0.0
-0.5142062447180367 0.3142326025519855 0.0
0.4487887384833933 -0.21964343166120526 1.0
-0.28917705347750133 0.2552431694705215 0.0
-0.7653396564399484 0.3469877219493691 0.0
-0.9168897005730283 -0.2235131810993214 0.0
-0.1839864295584781 -0.10777909766839366 0.0
0.7787569447426284 -0.0939221753713142 1.0
-0.9715188981010205 -0.697783105668673 0.0
0.9135935293488948 0.03378521367379261 1.0
-0.5229156023770059 -0.10315969539752201 0.0
0.8069743396233624 -0.0958128560420013 1.0
-0.7939883541548827 0.6182859064282429 0.0
-0.5869094946330007 0.10737238990567399 0.0
0.5158565558041688 0.43333564957962034 0.0
0.33908037252314593 0.03447830801951213 1.0
-0.2031260696712769 -0.9405390202885135 0.0
-0.6500944643153059 0.206718598096989 0.0
0.4556873287461545 -0.8558772496339182 0.0
0.13702783662870321 -0.5331808075100073 0.0
0.7267334029759174 -0.5912148006822344 1.0
-0.8957523620912184 -0.40426574533653037 0.0
-0.5636158878080777 -0.37776518013204297 1.0
0.8028044108698067 0.45383692145804555 0.0
-0.6598841076696829 -0.2726475230277272 1.0
-0.42018699002508475 -0.6838459555031415 1.0
-0.7212312794251212 -0.791265093405338 1.0
-0.36500512933753293 -0.07351982657907419 0.0
0.16557749790505039 0.23816078508282024 1.0
0.610381248748803 -0.14691895787300613 1.0
0.8118519208506569 0.19503056752887682 1.0
-0.78215127560447 -0.5410588920395454 1.0
-0.8483062091586859 -0.8628852345276472 0.0
-0.09938380147971171 -0.009658242030035291 0.0
-0.2860443760068425 0.5825428827532941 1.0
-0.5593517475155683 -0.15182239815250553 1.0
0.6547471042718609 -0.34689469987295873 1.0
-0.09708386894684717 0.18682845245016422 1.0
0.8211894692797093 0.009998842182681766 1.0
0.5842521199369035 0.5555235048109075 0.0
0.8389024381966461 0.25158115932619474 1.0
0.5003818668668463 0.9636158894890436 1.0
-0.8564441549318866 -0.5944449329150725 1.0
0.99189197492432 0.37625691343066037 1.0
0.7024368596359427 -0.043658450718733866 1.0
-0.45012518314037764 -0.9103370616405242 0.0
-0.7138272435993462 0.5143563101066069 0.0
-0.6078299303952817 0.16090153070332835 0.0
0.2449125988666505 -0.27865008157752924 0.0
-0.13988344044081003 -0.4779336048720073 1.0
-0.0785438544672068 -0.9423956200457841 0.0
0.16287987852049524 -0.6875811363648534 0.0
0.9903734434558331 -0.544680011738079 1.0
0.7500447111846937 0.4313307510280986 0.0
0.14272167380230405 0.16665661541338928 1.0
-0.09711959855449215 -0.1793693217298178 0.0
-0.8239284043006736 0.7747855941837769 0.0
0.24571527560177175 -0.8639065197314286 0.0
0.2562315910026709 -0.7158635840713199 0.0
0.2282471426636219 -0.23146892374022832 0.0
0.8530927905320791 0.5614880497114434 0.0
0.07496044075131847 0.8042481279754561 1.0
-0.06106890520273778 -0.9449338100938731 0.0
0.3219145562042689 -0.42771210866091103 0.0
0.005082961584621959 0.8731291888214829 1.0
-0.9940116826124183 -0.9975751624171658 0.0
-0.4906006725970873 -0.1663331310485634 1.0
-0.5494645673203595 -0.6737097956417697 1.0
0.28356655830497135 -0.36407199361270726 0.0
0.9744112225494601 0.9537938667496668 1.0
-0.9773548069823834 0.550663497393755 0.0
-0.5595554798205515 0.4974549736878664 0.0
-0.6996889516855203 0.6779240802931144 0.0
-0.037095885879368184 -0.48768401332344147 0.0
-0.21790245815398634 0.08857108729980756 0.0
0.8076258274169625 -0.26328807572618285 1.0
-0.5984085237769177 -0.797038668515244 1.0
0.5114364005411092 -0.350093889684838 1.0
-0.12154678271469765 0.19305302603597974 1.0
0.31162891706463847 -0.8237028244541769 0.0
-0.7016504580693099 -0.7321668396090382 1.0
0.20899362716429315 0.0899550309425563 1.0
-0.23610887835289573 -0.20502338261349817 0.0
0.45023953877137224 0.7052797202523253 0.0
0.08296162382178762 -0.4453449721272742 0.0
0.926750260202287 -0.721125510152445 1.0
-0.4981601586866089 0.8183803764480684 1.0
-0.5227790418210363 -0.9233884586590908 0.0
0.08561376104212393 0.6077644918721938 1.0
0.6478933013842862 -0.7012660304481924 0.0
0.7203973456003177 -0.43764572555944214 1.0
-0.22558290140911352 -0.9193347657597026 0.0
-0.032988710739409344 -0.30949526847867137 0.0
-0.7762952241536769 0.11045592309051044 0.0
-0.03150149963148374 0.1375071328261146 1.0
0.7144728220431849 0.33278936222278466 0.0
0.2747923207791352 0.9743094777909305 1.0
0.6419775262873 -0.624718344571439 1.0
-0.061120723584268344 0.592725665077577 1.0
0.16493351929164324 -0.07383382167419383 1.0
-0.4845995771651841 -0.2792702910683771 1.0
-0.2277099743420843 -0.9473609508989065 0.0
0.2834110881066465 -0.618186319533516 0.0
0.02219349788548719 -0.44863935533389654 0.0
0.9568576674933547 0.23922972892311067 1.0
0.33490677143004777 0.897758013403311 1.0
0.7051546849166515 0.45446726719235464 0.0
0.0015502855440943097 -0.5983830722571861 0.0
0.59788006710636 -0.3045578795821111 1.0
0.18003292425612893 -0.16765036969302916 1.0
-0.9712162903631785 0.4027311344698248 0.0
-0.5446991600381121 -0.874592297996913 1.0
0.8040562257952741 0.7196217274995438 0.0
0.9029225545822306 0.353572753025333 1.0
-0.8801599835743548 -0.7206529188173871 0.0
-0.4879858589584174 0.04616900673616686 0.0
-0.16093732185065712 0.6744881947070132 1.0
-0.6095854279368191 0.7699843405049838 1.0
0.8911226427272487 -0.9753512711185786 0.0
-0.5664813549428951 0.17530177989084983 0.0
0.5381832721971551 -0.13615499932218245 1.0
-0.4065427175687246 0.5191105644856939 1.0
0.04817740289532502 -0.7242473211611804 0.0
0.15296469215578412 -0.32222878178797587 0.0
-0.19243573661423596 0.6301504321122424 1.0
-0.5525879038506469 0.9277542237474234 1.0
0.6672229055703229 -0.4266349676056982 1.0
0.5724883732230173 -0.2744903226136115 1.0
0.6913457071859708 0.6541191598751861 0.0
0.07615502315369782 -0.6907858797203204 0.0
0.48354736238907625 -0.9888596075160963 0.0
-0.7998495303615882 0.09324790172581054 0.0
0.44308775956235746 -0.27170775113965373 1.0
-0.3912690276166053 0.06271865374601293 0.0
0.17244064756020383 -0.43539906382726756 0.0
-0.9959570283015822 0.7485158607400006 0.0
-0.3615313015336563 0.329298303938534 0.0
-0.9452670606432692 0.5027089889575593 0.0
-0.344379700513606 -0.2618661550502961 1.0
-0.1644069987600909 -0.858137069941614 0.0
-0.08858162782124768 0.19687409302645276 1.0
-0.04164362153455481 0.7248276566535057 1.0
-0.11700482530452194 -0.05929243034860665 0.0
0.023524364746232873 -0.4056328955317856 0.0
-0.09911928524903502 -0.44006411123780964 0.0
-0.6609862258920114 -0.785644373284152 1.0
0.23488181329549151 0.7267601257922993 0.0
-0.6198484326536984 -0.6902582479911128 1.0
-0.3889538779435584 0.629945287978257 1.0
0.18323778213714204 0.10234286037989992 1.0
-0.8364655377239978 0.6185615769752568 0.0
0.3023468753495222 -0.7468297145411402 0.0
0.0951478233510823 -0.9765580623405856 0.0
0.23054454665438273 -0.06358982726878537 1.0
-0.9789184241645739 0.4384344108592766 0.0
0.393064308980849 -0.6858585011655676 0.0
-0.03190850525367206 -0.31193688688736954 0.0
-0.32696179571495154 -0.5242623400748634 1.0
-0.8058580628819718 -0.7973703203257514 0.0
0.5275375262482072 -0.42625396513318803 1.0
0.6372222760842121 -0.8246886910852569 0.0
-0.6597531408039543 0.6439510579823324 0.0
-0.676765440146478 -0.7165406459676935 1.0
-0.49959914488960777 0.9516271735038568 1.0
0.7477826669394929 0.43900896616100504 0.0
-0.6058404222228915 -0.6434010694417689 1.0
-0.5710196475204481 -0.8422690533593014 1.0
0.19825904476288625 -0.2557278511457812 0.0
-0.6884161174636727 0.6097558818039546 0.0
0.5060725808564741 0.9422109689540332 1.0
-0.10278436081390585 0.737068873795939 1.0
-0.012145866898561675 -0.1528653904673074 0.0
0.5271015462452897 0.7811373725813076 0.0
-0.5701628490125674 -0.5297557680735536 1.0
-0.5535315836327688 0.8677091275448499 1.0
0.5360872444913711 -0.7925049840775138 0.0
